1
2 5 6 7 8 9 10 11 12 14 15 16 17 18 19 20 22 23 24 25 26 28 29 30 32 33 34 35 36 38 39 40 41 42 43 47 48 50 0
4 5 6 11 12 13 14 20 21 24 25 28 30 33 34 36 38 39 40 43 48 49 50 0
1 2 4 5 7 8 9 11 14 17 18 20 21 22 23 24 25 26 27 31 32 35 36 37 38 39 42 43 44 45 49 0
1 4 5 7 14 15 17 19 20 21 22 24 25 28 30 31 32 33 35 38 40 42 43 44 46 47 48 49 50 0

2
1 3 5 6 7 8 9 11 12 16 18 20 21 23 24 26 29 32 33 34 35 37 39 40 46 47 48 50 0
1 4 5 6 11 13 14 20 21 24 28 33 36 38 39 40 43 44 50 0
2 4 7 8 9 11 14 15 17 18 20 21 22 23 24 26 27 30 31 32 35 36 37 38 39 42 43 44 45 49 0
1 4 5 7 14 17 19 20 22 24 25 28 30 31 32 33 35 38 40 42 43 44 46 47 48 49 50 0

3
2 3 4 5 6 7 8 9 11 12 13 14 16 17 18 19 20 23 24 25 26 27 29 32 33 34 35 36 38 39 40 41 42 46 47 48 50 0
1 4 5 6 8 11 12 13 14 17 20 21 24 25 28 30 33 34 36 38 39 40 42 43 46 49 50 0
1 2 4 5 7 8 9 11 14 17 20 21 22 23 24 25 26 27 31 32 35 36 37 38 39 42 43 44 45 49 0
1 2 4 5 7 14 15 17 19 20 21 22 24 25 28 30 31 32 33 35 38 40 41 42 43 44 46 47 48 49 50 0

4
2 3 4 6 8 9 10 11 13 14 17 20 24 25 26 27 28 29 30 34 35 37 38 39 40 42 43 46 48 49 50 0
1 4 5 11 12 13 14 20 28 33 34 36 38 39 40 43 50 0
1 2 8 9 14 15 17 22 24 32 36 38 39 42 43 44 49 0
4 7 20 21 24 25 30 31 33 35 42 49 0

5
2 4 5 7 8 9 10 11 12 14 15 16 17 18 19 24 25 26 27 29 30 32 33 35 37 38 39 40 41 45 46 47 48 49 50 0
4 5 8 11 12 13 14 20 21 24 33 34 36 38 39 40 43 46 50 0
1 2 4 5 7 8 9 11 14 17 18 20 21 22 23 24 25 26 27 32 35 36 37 38 39 42 43 44 45 49 0
1 2 4 5 7 14 15 17 19 20 22 24 25 28 30 31 32 33 35 38 40 42 43 44 46 47 48 49 50 0

6
2 3 4 5 6 8 9 11 12 13 14 16 17 18 19 20 23 24 25 26 27 28 29 32 33 34 35 36 38 39 40 41 42 47 48 50 0
4 5 6 10 11 12 13 14 17 20 24 25 27 28 30 33 34 36 38 39 40 42 43 47 48 49 50 0
1 2 4 5 7 8 9 11 14 17 18 20 21 22 23 24 25 27 31 32 35 36 37 38 39 42 43 44 45 49 0
1 4 5 7 14 17 19 20 21 22 24 25 28 30 31 32 33 35 38 42 43 44 46 48 49 50 0

7
2 4 5 6 7 8 9 11 12 14 16 17 18 19 20 24 25 26 27 29 30 32 33 34 35 36 38 39 41 42 46 48 49 50 0
4 5 6 8 10 11 12 13 14 17 20 21 24 25 28 30 33 34 36 38 39 40 42 43 47 48 49 50 0
1 2 4 5 8 9 11 14 17 20 21 22 23 24 25 26 27 31 32 35 36 37 38 39 42 43 44 45 49 0
1 4 5 7 14 17 19 20 21 24 25 28 30 31 32 33 35 38 42 43 44 46 48 49 50 0

8
3 9 10 12 16 17 19 20 21 22 25 26 27 31 35 36 38 41 44 47 48 50 0
4 7 10 11 12 13 15 19 20 22 23 27 28 30 31 33 35 36 38 39 40 41 43 44 45 47 48 50 0
1 2 3 5 9 10 13 17 21 22 24 25 26 28 30 31 34 36 38 41 42 47 48 49 50 0
3 4 5 7 13 15 18 20 21 24 25 28 29 30 31 33 35 36 40 41 42 46 47 48 49 50 0

9
2 5 7 9 10 11 12 13 16 18 20 21 24 25 26 29 32 34 35 38 39 41 42 46 47 48 50 0
1 4 5 6 11 12 13 14 20 21 24 28 33 36 38 39 40 43 48 50 0
2 4 8 9 11 14 15 17 18 20 21 22 24 26 27 30 31 32 36 37 38 39 42 43 44 45 49 0
1 4 5 7 14 17 19 20 21 24 25 28 30 31 32 33 35 38 42 43 44 48 49 50 0

10
1 2 4 6 8 9 10 11 15 16 17 18 19 20 22 23 24 25 26 29 30 32 33 34 35 37 38 39 41 42 46 50 0
1 4 11 13 14 18 20 21 33 36 37 38 39 40 41 43 46 50 0
1 2 8 9 15 17 22 24 36 38 42 43 44 49 0
4 6 7 19 20 21 24 25 30 31 33 34 35 42 49 0

11
1 2 3 4 5 6 7 8 9 11 12 13 14 16 17 18 19 23 24 25 26 27 29 30 32 33 34 35 36 37 38 39 40 41 46 48 50 0
4 5 6 11 12 13 14 17 20 24 25 28 30 33 34 36 38 39 40 42 43 48 49 50 0
1 2 4 5 8 9 11 14 17 20 22 23 24 25 27 31 32 35 36 37 38 39 42 43 44 45 49 0
4 5 7 14 17 19 20 21 24 25 28 30 31 33 35 42 43 48 49 50 0

12
2 4 5 6 9 11 12 13 14 16 18 19 20 21 23 24 25 26 27 29 32 34 35 37 38 39 40 41 46 47 48 50 0
1 4 5 6 10 11 12 13 14 15 20 21 22 24 27 28 31 33 36 38 39 40 43 47 48 50 0
2 3 4 8 9 11 14 15 17 18 20 22 24 27 30 31 32 36 37 38 39 42 43 44 45 49 50 0
1 4 5 7 14 17 19 20 21 24 25 28 30 31 32 33 34 35 38 42 43 44 47 48 49 50 0

13
2 4 5 6 8 9 11 12 13 14 16 17 18 19 20 24 25 26 27 29 30 32 33 34 35 36 37 38 39 40 41 42 46 48 0
4 5 6 11 12 13 14 17 20 24 25 28 30 33 34 36 38 39 40 42 43 48 49 50 0
1 2 4 5 8 9 11 14 17 20 21 22 23 24 25 26 27 31 32 35 36 37 38 39 42 43 44 45 49 0
1 4 5 7 14 17 19 20 21 24 25 28 30 31 32 33 35 38 42 43 48 49 50 0

14
2 4 5 6 7 9 11 12 14 16 17 18 19 20 22 23 24 25 26 27 29 30 32 33 35 36 38 39 41 42 46 47 48 49 50 0
4 5 6 8 10 11 12 13 14 17 20 21 22 24 25 28 30 33 34 36 37 38 39 40 43 46 47 48 49 50 0
1 2 3 4 5 7 8 9 11 13 14 15 16 17 18 20 21 22 23 24 25 26 27 28 31 32 33 35 36 37 38 39 42 43 44 45 49 0
1 2 4 5 7 14 15 17 19 20 21 22 24 25 28 30 31 32 33 35 38 40 41 42 43 44 46 47 48 49 50 0

15
2 4 5 7 9 11 12 16 18 20 21 23 26 27 28 29 32 35 39 40 41 46 47 48 50 0
1 4 5 11 12 13 14 20 21 24 28 33 36 38 39 40 43 48 50 0
2 4 8 9 11 14 15 17 18 20 21 22 24 26 27 30 31 32 36 37 38 39 42 43 44 45 49 0
1 4 5 7 14 17 19 20 21 24 25 28 30 31 32 33 35 38 42 43 44 48 49 50 0

16
2 4 5 7 9 11 12 16 17 18 20 21 23 24 25 26 29 32 33 35 38 39 40 41 42 43 45 46 47 48 49 50 0
4 5 6 11 12 13 14 15 20 21 24 28 33 36 38 39 40 43 47 48 50 0
1 2 3 4 8 9 11 14 15 17 18 20 21 22 24 26 27 31 32 36 37 38 39 42 43 44 45 49 50 0
1 4 5 7 14 17 19 20 21 24 25 28 30 31 32 33 35 38 42 43 44 48 49 50 0

17
1 2 4 5 6 8 10 11 13 15 16 20 22 25 26 27 33 34 35 36 37 38 39 41 42 45 46 47 48 49 50 0
1 3 4 7 11 12 13 14 15 17 18 19 20 21 22 24 28 32 33 34 36 37 38 39 40 42 43 46 49 50 0
1 2 9 15 17 22 24 36 37 38 39 42 43 44 45 49 0
6 7 20 21 24 25 30 31 33 34 35 42 49 0

18
2 4 5 6 7 8 9 11 12 13 14 16 17 18 19 20 23 24 25 26 29 30 32 33 34 35 36 37 38 39 40 41 42 46 47 48 49 50 0
1 4 5 6 11 12 13 14 20 21 24 25 28 33 34 36 38 39 40 43 48 50 0
1 2 4 8 9 11 14 17 20 21 22 23 24 27 32 36 37 38 39 42 43 44 45 49 0
4 7 14 19 20 21 24 25 28 30 31 33 35 42 49 0

19
2 5 8 9 11 12 16 18 21 23 24 25 26 29 30 32 34 35 38 39 40 41 42 43 46 47 48 0
1 4 5 6 10 11 12 13 14 15 20 21 24 27 28 30 31 33 36 38 39 40 42 43 47 48 50 0
1 2 3 4 5 7 8 9 10 11 14 15 17 18 20 22 24 27 30 31 32 36 37 38 39 42 43 44 45 49 50 0
1 4 5 7 14 17 19 20 21 24 25 28 30 31 32 33 35 38 42 43 44 48 49 50 0

20
2 5 7 8 9 10 12 14 16 17 19 20 22 25 26 27 31 33 34 35 36 38 41 44 48 50 0
4 5 11 13 15 20 24 33 36 38 39 40 41 43 50 0
1 2 5 8 9 10 11 14 16 17 20 22 23 24 25 27 31 32 33 35 36 38 39 42 43 45 49 50 0
4 7 20 21 24 25 28 30 31 33 35 42 48 49 0

21
1 3 5 6 7 9 11 12 13 14 15 17 18 19 20 21 22 23 24 25 26 27 30 31 32 33 35 36 37 38 39 41 42 43 45 46 47 49 50 0
1 3 4 5 6 8 9 11 12 13 14 15 16 17 20 21 24 25 28 29 32 33 34 36 37 38 39 40 42 43 46 49 50 0
1 2 8 9 12 15 17 19 22 24 36 37 38 39 42 43 44 46 49 0
6 7 20 21 24 25 30 31 33 34 35 42 49 0

22
2 4 5 6 7 9 11 12 13 16 18 19 20 21 23 24 25 26 27 28 29 32 33 34 35 38 39 40 41 42 43 46 47 48 50 0
1 4 5 11 12 13 14 20 21 24 28 33 36 38 39 40 43 47 48 50 0
2 4 8 9 11 14 15 17 18 20 21 22 24 27 31 32 36 37 38 39 42 43 44 45 49 0
1 4 5 7 14 17 19 20 21 24 25 28 30 31 33 35 42 48 49 50 0

23
1 2 3 4 5 7 8 9 10 11 12 13 14 15 16 18 20 21 22 23 25 26 27 28 29 30 31 32 33 34 35 36 37 38 39 40 41 42 43 45 46 47 48 50 0
1 3 4 5 7 9 11 12 13 14 16 17 18 20 21 22 23 24 25 26 28 29 32 33 34 36 37 38 39 40 41 42 43 44 46 48 49 50 0
2 4 8 9 12 14 17 19 22 24 25 32 36 37 38 39 42 43 44 45 49 0
4 6 7 19 20 21 24 25 30 31 33 34 35 42 49 0

24
4 5 7 8 9 10 11 12 13 14 15 16 17 18 19 20 22 23 24 25 26 27 28 30 32 33 34 35 36 39 40 41 42 46 47 48 49 50 0
4 5 8 11 12 13 14 20 21 24 25 33 34 36 38 39 40 43 46 48 50 0
1 2 3 4 5 7 8 9 11 14 15 17 18 20 21 22 23 24 25 26 27 30 32 35 36 37 38 39 42 43 44 45 49 0
1 2 4 5 7 14 15 17 19 20 22 24 25 28 30 31 32 33 35 38 40 41 42 43 44 46 47 48 49 50 0

25
1 3 4 5 6 7 8 11 12 14 15 16 20 21 22 23 24 26 27 28 29 32 33 34 35 36 37 38 39 41 44 46 48 50 0
1 3 4 5 6 8 9 11 12 13 17 20 21 22 24 28 29 32 33 34 36 38 39 40 42 43 44 46 48 49 50 0
1 2 3 4 5 7 9 11 13 15 16 17 18 20 22 23 24 25 27 28 30 31 35 36 38 39 42 43 45 49 50 0
1 4 5 6 7 14 15 17 19 20 21 22 24 25 28 30 31 32 33 34 35 38 40 42 43 44 46 47 48 49 50 0

26
2 5 6 8 9 11 12 16 18 19 20 21 22 23 24 25 26 27 29 32 34 35 39 40 41 46 48 50 0
1 4 5 6 10 11 12 13 14 15 20 21 24 28 31 33 36 38 39 40 43 47 48 50 0
2 3 4 8 9 11 14 15 17 20 21 22 24 26 27 30 31 32 36 37 38 39 42 43 44 45 49 50 0
1 4 5 7 14 19 20 21 24 25 28 30 31 33 34 35 42 48 49 50 0

27
2 4 7 9 10 12 14 16 17 19 20 22 24 25 26 27 28 29 30 35 36 38 39 41 42 46 48 50 0
1 4 5 8 10 11 12 13 17 19 20 22 23 24 27 28 31 33 36 38 39 40 43 47 48 49 50 0
1 2 3 5 8 9 10 11 13 14 16 17 18 20 22 23 24 25 27 28 30 31 32 34 35 36 38 39 41 42 43 45 47 48 49 50 0
4 5 7 15 17 19 20 21 24 25 28 30 31 32 33 35 40 41 42 43 44 46 47 48 49 50 0

28
2 4 5 6 7 8 9 10 11 12 14 15 16 17 18 19 20 22 23 24 25 26 28 30 32 33 34 35 38 39 41 42 43 46 47 48 49 50 0
4 5 8 11 12 13 14 20 21 24 25 33 34 36 38 39 40 43 46 48 49 50 0
1 2 3 4 5 7 8 9 11 13 14 15 17 18 20 21 22 23 24 25 26 27 32 35 36 37 38 39 42 43 44 45 49 0
1 2 4 5 7 14 15 17 19 20 22 24 25 28 30 31 32 33 35 38 40 41 42 43 44 46 47 48 49 50 0

29
2 5 7 8 9 10 11 12 14 16 17 18 19 23 24 25 27 30 32 33 35 38 39 40 41 46 47 48 49 50 0
4 5 11 12 13 14 20 21 24 25 33 34 36 38 39 40 43 46 48 50 0
1 2 4 5 7 8 9 11 14 17 18 20 21 22 23 24 25 26 27 32 35 36 37 38 39 42 43 44 45 49 0
1 4 5 7 14 15 17 19 20 21 22 24 25 28 30 31 32 33 35 38 40 42 43 44 46 47 48 49 50 0

30
2 3 4 5 6 9 12 14 16 17 19 20 22 23 24 25 26 27 30 31 33 34 35 36 38 39 41 42 48 50 0
4 5 6 10 11 12 13 20 22 24 27 31 33 35 36 38 39 40 43 47 48 50 0
1 2 3 5 8 9 10 11 13 14 16 17 18 22 23 24 25 28 30 31 32 33 34 36 38 39 41 42 43 45 47 48 49 50 0
4 5 7 15 17 19 20 21 24 25 28 30 31 33 35 41 42 43 46 47 48 49 50 0

31
2 4 5 6 9 10 11 12 13 14 15 16 17 18 19 20 21 22 23 24 25 26 27 31 32 35 36 37 38 39 40 41 42 45 46 48 49 50 0
3 4 5 6 9 11 12 13 14 17 20 21 24 33 36 38 39 40 43 46 50 0
1 2 8 9 14 15 17 22 24 27 32 36 38 39 42 43 44 45 49 0
4 6 7 19 20 21 24 25 30 31 33 34 35 42 49 0

32
2 5 6 7 9 11 12 16 17 18 21 24 25 26 27 30 32 33 35 39 40 41 42 46 48 0
1 4 5 6 11 12 13 14 15 20 21 24 28 33 36 38 39 40 43 47 48 50 0
2 8 9 11 14 15 17 20 22 24 27 30 31 32 36 37 38 39 42 43 44 45 49 50 0
4 7 14 19 20 21 24 25 28 30 31 33 35 42 49 0

33
2 5 8 9 11 12 16 18 19 20 21 24 25 26 29 32 34 35 38 39 40 41 46 48 50 0
1 4 5 6 11 12 13 14 15 20 21 24 28 30 33 36 38 39 40 43 46 48 50 0
2 3 4 7 8 9 11 14 15 17 18 20 21 22 23 24 26 27 30 31 32 36 37 38 39 42 43 44 45 49 50 0
1 4 5 7 14 17 19 20 22 24 25 28 30 31 32 33 34 35 38 40 42 43 44 46 47 48 49 50 0

34
1 2 3 5 6 7 8 9 10 12 13 14 15 17 18 21 22 23 26 27 28 29 31 32 33 34 35 37 39 40 42 43 45 47 48 50 0
1 2 3 5 8 11 12 13 17 18 20 21 24 28 33 34 36 37 38 39 40 43 44 46 48 50 0
1 2 8 9 15 17 22 24 31 32 36 37 38 39 42 44 45 49 0
4 6 7 20 21 24 25 30 31 33 34 35 42 49 0

35
2 3 4 5 6 7 8 9 11 12 13 16 18 19 20 21 24 25 26 27 28 29 32 34 35 39 40 41 46 47 48 50 0
4 5 6 11 12 13 14 20 21 24 28 33 36 38 39 40 43 44 47 48 50 0
2 4 8 9 11 14 15 17 18 20 21 22 23 24 27 31 32 36 37 38 39 42 43 44 45 49 0
1 4 5 7 14 17 19 20 21 24 25 28 30 31 32 33 35 38 42 43 44 46 48 49 50 0

36
2 4 5 6 7 8 9 11 14 15 16 17 18 20 24 25 27 29 30 32 33 34 35 37 38 39 40 42 43 46 47 50 0
4 5 8 11 13 14 20 21 24 33 34 36 38 39 40 43 46 50 0
2 4 5 8 9 11 14 15 17 18 20 21 22 23 24 25 26 27 28 32 35 36 37 38 39 42 43 44 45 49 0
1 4 5 7 14 15 17 19 20 21 22 24 25 28 30 31 32 33 35 38 42 43 44 46 48 49 50 0

37
2 4 5 6 7 8 9 11 12 14 15 16 17 18 19 20 24 25 26 27 29 30 32 33 35 39 40 41 45 46 47 48 49 50 0
4 5 8 11 12 13 14 20 21 24 33 34 36 38 39 40 43 46 50 0
1 2 3 4 5 7 8 9 11 14 15 17 18 20 21 22 23 24 25 26 27 32 35 36 37 38 39 42 43 44 45 49 0
1 2 4 5 7 14 15 17 19 20 22 24 25 28 30 31 32 33 35 38 40 41 42 43 44 46 47 48 49 50 0

38
1 2 4 5 6 8 9 11 14 15 16 18 20 21 22 24 26 29 30 32 33 34 35 37 38 39 40 41 45 46 48 50 0
1 3 4 5 8 11 13 14 17 18 20 21 22 28 33 34 36 37 38 39 40 43 46 50 0
2 8 9 15 17 22 24 31 36 37 38 42 44 45 49 0
4 6 7 20 21 24 25 30 31 33 34 35 42 49 0

39
6 7 8 9 12 14 16 17 20 22 23 24 25 26 27 28 29 30 35 36 38 39 41 42 44 46 47 48 50 0
4 5 10 11 12 13 19 20 22 23 24 27 28 30 31 33 35 36 38 39 40 41 43 44 45 47 48 50 0
1 2 3 5 7 8 9 10 11 13 14 16 17 18 20 21 22 23 24 25 26 27 28 30 31 32 33 34 35 36 38 39 41 42 43 45 47 48 49 50 0
1 2 3 4 5 7 13 14 15 17 18 19 20 21 22 24 25 28 29 30 31 32 33 35 36 38 40 41 42 43 44 46 47 48 49 50 0

40
2 3 4 5 6 7 8 9 11 12 13 14 16 17 18 19 23 24 25 26 27 29 32 33 34 35 36 37 38 39 40 41 47 48 49 0
4 5 6 11 12 13 14 20 21 24 25 28 30 33 34 36 38 39 40 42 43 47 49 50 0
1 2 4 5 8 9 11 14 17 20 21 22 23 24 25 26 27 31 32 35 36 37 38 39 42 43 44 45 49 0
1 4 5 7 14 17 19 20 21 24 25 28 30 31 32 33 35 38 42 43 44 46 48 49 50 0

41
2 3 4 5 6 7 8 9 11 12 14 16 17 18 19 20 23 24 25 26 29 32 33 34 35 36 37 38 39 40 41 46 47 49 50 0
4 5 8 11 12 13 14 20 21 24 28 33 34 36 38 39 40 43 50 0
1 2 4 5 8 9 11 14 17 20 21 22 23 24 25 26 27 32 35 36 37 38 39 42 43 44 45 49 0
1 4 5 7 14 17 19 20 21 24 25 28 30 31 33 35 42 43 48 49 50 0

42
1 2 3 4 5 7 9 11 12 13 14 15 16 18 19 20 21 22 24 25 26 27 30 32 35 36 37 38 39 41 42 43 45 46 47 48 49 50 0
3 4 5 6 8 9 11 12 13 14 15 17 20 21 24 25 29 32 33 34 36 38 39 40 43 46 50 0
1 2 8 9 12 15 17 19 22 24 36 38 39 42 43 44 45 49 0
4 6 7 19 20 21 24 25 30 31 33 34 35 42 49 0

43
1 2 4 5 6 8 9 10 11 12 13 14 15 16 18 20 21 22 26 33 34 35 37 38 40 41 43 45 46 48 49 50 0
1 3 4 5 7 8 9 11 12 13 14 17 18 20 21 22 28 33 34 36 37 38 39 40 43 46 48 49 50 0
1 2 4 9 12 15 17 19 22 24 29 31 32 36 37 38 39 42 44 45 46 49 0
4 6 7 12 20 21 24 25 27 30 31 33 34 35 42 49 0

44
5 6 8 10 12 13 14 15 16 18 20 21 22 24 26 29 32 33 34 35 37 40 41 42 44 45 46 47 48 49 50 0
1 3 4 5 9 11 12 13 18 20 21 22 27 28 30 31 33 34 36 38 39 40 43 45 46 50 0
1 2 8 9 15 17 22 24 29 31 36 38 39 42 43 49 0
4 6 7 20 21 24 25 30 31 33 34 35 42 49 0

45
1 2 4 5 6 8 9 11 12 13 14 20 21 23 24 25 26 29 30 33 34 35 37 38 40 42 43 45 46 47 48 49 50 0
1 3 4 7 11 12 13 14 18 20 28 33 36 37 38 39 40 41 43 50 0
1 2 6 8 9 14 15 17 22 24 29 31 36 38 39 42 43 44 49 0
4 7 9 16 20 21 24 25 30 31 33 35 42 49 0

46
1 2 3 4 5 6 7 8 9 10 11 12 13 15 16 20 21 23 25 26 27 28 29 31 33 34 35 36 38 40 44 45 46 47 48 49 50 0
3 4 5 6 9 11 12 13 15 16 17 20 21 24 26 28 29 32 33 34 36 38 39 40 42 43 44 46 49 50 0
1 2 4 5 8 9 11 14 15 17 18 20 22 24 27 31 32 35 36 37 38 39 42 43 45 49 0
1 4 5 6 7 14 17 19 20 21 24 25 28 30 31 32 33 34 35 38 42 43 44 48 49 50 0

47
3 5 8 9 16 18 19 20 21 23 26 27 28 29 30 31 33 34 35 36 38 39 43 44 46 47 48 50 0
1 4 6 10 11 13 15 19 20 27 28 30 31 33 35 36 38 39 40 43 45 47 50 0
1 2 3 5 7 8 9 10 11 13 16 17 18 20 21 22 23 24 25 27 28 30 31 33 34 35 36 38 39 41 42 43 45 47 48 49 50 0
1 2 3 4 5 7 13 14 15 17 18 19 20 21 24 25 28 29 30 31 32 33 35 36 37 38 40 41 42 43 44 46 47 48 49 50 0

48
1 2 4 5 7 9 10 11 12 13 14 15 16 18 20 21 22 23 24 25 26 27 32 35 36 37 38 39 41 42 45 48 49 0
3 4 5 6 8 9 11 12 13 14 15 16 17 20 21 25 26 29 32 33 34 36 38 39 40 43 46 49 50 0
1 2 4 8 9 12 15 17 19 22 24 29 36 37 38 39 42 43 44 46 49 0
4 6 7 12 19 20 21 24 25 27 30 31 33 34 35 42 49 0

49
1 2 3 4 5 6 7 8 9 11 12 14 16 17 18 19 20 22 23 24 25 26 27 28 29 32 33 34 35 36 37 38 40 41 42 43 46 47 48 0
4 5 6 8 11 12 13 14 17 20 24 25 28 33 34 36 38 39 40 43 48 49 50 0
1 2 4 5 8 9 11 14 17 20 22 23 24 25 27 32 35 36 37 38 39 42 43 44 45 49 0
1 4 5 7 14 17 19 20 21 24 25 28 30 31 32 33 35 42 43 48 49 50 0

50
3 5 7 8 9 12 14 16 17 20 25 26 28 32 33 34 35 36 38 44 48 50 0
1 4 5 11 13 20 24 33 36 38 39 40 43 50 0
1 2 3 4 5 8 9 10 11 13 14 16 17 18 20 21 22 23 24 25 26 27 28 30 31 32 33 35 36 38 39 42 43 45 49 50 0
1 4 5 7 14 15 17 19 20 21 24 25 28 30 31 32 33 35 40 42 43 44 48 49 50 0

51
2 3 4 5 7 8 9 10 11 12 14 16 17 18 19 20 22 23 24 25 26 27 29 32 33 35 39 40 41 46 47 48 49 50 0
4 5 8 11 12 13 14 20 21 24 25 33 34 36 38 39 40 43 46 48 50 0
1 2 3 4 5 7 8 9 11 14 15 16 17 18 20 21 22 23 24 25 26 27 30 31 32 35 36 37 38 39 42 43 44 45 49 0
1 2 4 5 7 14 15 17 19 20 22 24 25 28 30 31 32 33 35 38 40 41 42 43 44 46 47 48 49 50 0

52
4 7 8 9 10 12 14 16 17 19 20 24 25 26 27 28 30 33 34 35 36 38 41 42 44 46 48 50 0
4 5 10 11 12 13 19 20 23 24 27 31 33 35 36 38 39 40 43 47 48 50 0
1 2 3 5 7 8 9 10 11 13 14 16 17 18 20 22 23 24 25 26 27 28 30 31 32 33 34 35 36 38 39 41 42 43 45 47 48 49 50 0
1 2 3 4 5 7 13 14 15 17 18 19 20 21 24 25 28 29 30 31 32 33 35 36 38 40 41 42 43 44 46 47 48 49 50 0

53
3 5 9 10 12 16 17 19 20 21 22 25 26 27 35 36 38 39 41 42 44 46 47 48 50 0
1 10 11 12 13 19 20 22 23 27 28 31 33 36 38 39 40 43 45 47 48 50 0
1 2 8 9 14 17 22 24 31 34 36 38 42 48 49 50 0
4 7 20 21 24 25 30 31 33 35 42 49 0

54
5 7 8 9 12 14 16 17 19 20 21 22 25 26 27 33 34 35 36 37 38 43 44 46 48 50 0
1 4 5 7 10 11 12 13 15 18 20 22 23 24 27 31 33 35 36 37 38 39 40 41 43 47 48 50 0
1 2 3 5 7 8 9 10 11 13 14 16 17 18 20 22 23 24 25 27 28 30 31 32 33 34 35 36 38 39 41 42 43 45 47 48 49 50 0
1 4 5 7 14 15 17 19 20 21 24 25 28 30 31 32 33 35 40 41 42 43 44 46 47 48 49 50 0

55
2 4 5 6 7 9 11 12 14 16 17 18 19 20 22 23 24 25 26 27 28 30 32 33 34 35 36 37 40 41 42 46 47 48 0
4 5 6 8 11 12 13 14 20 21 24 25 28 33 34 36 38 39 40 43 48 49 50 0
1 2 4 5 8 9 11 13 14 17 18 20 22 23 24 25 27 32 35 36 37 38 39 42 43 44 45 49 0
1 4 5 7 14 15 17 19 20 21 22 24 25 28 30 31 32 33 35 38 42 43 44 46 48 49 50 0

56
1 2 4 5 6 9 10 11 12 13 14 15 17 18 19 21 22 24 25 26 27 30 31 35 36 37 38 39 41 43 45 46 49 50 0
3 4 5 6 9 11 12 13 14 17 20 21 24 25 33 36 38 39 40 43 46 50 0
1 2 9 15 17 22 24 36 38 39 42 43 44 49 0
6 7 20 21 24 25 30 31 33 34 35 42 49 0

57
1 2 4 5 6 9 10 12 13 14 15 16 17 20 22 24 25 26 31 32 33 35 36 37 38 39 41 42 43 45 46 49 0
4 5 11 12 13 14 20 28 33 34 36 38 39 40 43 50 0
1 2 8 9 14 15 17 22 24 25 27 32 36 38 39 42 43 44 45 49 0
4 7 19 20 21 24 25 30 31 33 35 42 49 0

58
1 2 9 10 11 12 13 15 16 17 19 20 22 24 25 26 27 31 32 35 36 37 38 39 41 42 45 46 48 49 50 0
3 9 11 12 13 14 15 17 20 21 24 32 33 34 36 38 39 40 42 43 46 49 50 0
1 2 4 9 15 17 20 22 23 24 36 38 42 44 45 49 0
4 6 7 12 20 21 24 25 27 30 31 33 34 35 42 49 0

59
2 3 4 5 6 7 8 9 10 11 14 17 18 20 24 25 26 27 29 30 32 33 34 35 36 37 38 39 40 41 46 47 50 0
1 4 5 8 11 12 13 14 20 21 24 28 33 34 36 38 39 40 43 44 46 50 0
2 4 5 7 8 9 11 13 14 15 17 18 20 21 22 23 24 25 26 27 32 35 36 37 38 39 42 43 44 45 49 0
1 2 4 5 7 14 15 17 19 20 21 22 24 25 28 30 31 32 33 35 38 40 41 42 43 44 46 47 48 49 50 0

60
2 3 4 5 6 7 8 9 10 11 12 14 16 17 18 19 20 22 23 24 25 26 27 28 29 30 32 33 35 39 41 42 43 46 47 48 49 50 0
4 5 8 11 12 13 14 20 21 24 25 33 34 36 38 39 40 43 46 48 50 0
1 2 3 4 5 7 8 9 11 13 14 15 17 18 20 21 22 23 24 25 26 27 30 32 35 36 37 38 39 42 43 44 45 49 0
1 2 4 5 7 14 15 17 19 20 22 24 25 28 30 31 32 33 35 38 40 41 42 43 44 46 47 48 49 50 0

61
2 4 5 6 7 9 11 12 16 17 18 20 21 23 24 25 26 27 29 30 32 35 38 39 41 42 46 47 48 50 0
1 4 5 6 10 11 12 13 14 15 20 21 22 24 27 28 30 31 33 36 38 39 40 42 43 47 48 50 0
1 2 3 4 8 9 11 14 15 17 18 20 21 22 24 26 27 30 31 32 36 37 38 39 42 43 44 45 49 50 0
1 4 5 7 14 19 20 21 24 25 28 30 31 33 35 42 48 49 0

62
2 3 5 6 7 8 9 10 11 15 16 18 20 21 22 23 26 29 32 33 34 35 37 38 39 46 47 48 49 50 0
1 3 4 5 6 11 12 13 14 18 23 24 28 29 33 36 38 39 40 43 44 48 50 0
2 4 5 7 8 9 11 14 15 17 18 20 21 22 23 24 26 27 29 30 31 32 35 36 38 39 42 43 44 45 49 0
1 4 5 7 9 14 17 19 20 21 22 24 25 28 30 31 32 33 35 36 38 40 42 43 44 46 47 48 49 50 0

63
2 3 4 5 6 7 8 9 11 16 18 20 21 23 24 25 26 27 28 29 32 33 34 35 39 40 41 42 43 46 50 0
4 5 6 11 12 13 14 15 20 21 24 28 30 33 36 38 39 40 42 43 46 47 48 50 0
1 2 3 4 5 7 8 9 11 14 15 17 18 20 21 22 23 24 25 26 27 30 31 32 35 36 37 38 39 42 43 44 45 49 50 0
1 4 5 7 14 15 17 19 20 22 24 25 28 30 31 32 33 35 38 40 42 43 44 46 47 48 49 50 0

64
3 5 6 7 8 9 11 16 18 20 21 26 27 29 32 33 34 35 39 40 44 48 50 0
1 4 5 6 8 11 12 13 14 15 20 24 30 33 34 36 38 39 40 43 44 46 50 0
1 2 3 4 5 7 8 9 10 11 13 14 15 16 17 18 20 21 22 23 24 25 26 27 28 30 31 32 33 35 36 37 38 39 42 43 44 45 49 50 0
1 2 4 5 7 14 15 17 19 20 21 22 24 25 28 30 31 32 33 35 38 40 41 42 43 44 46 47 48 49 50 0

65
2 6 8 9 12 13 16 19 20 21 22 25 26 27 28 33 34 35 36 38 39 41 44 47 48 50 0
1 4 10 11 12 13 15 19 20 22 23 27 28 31 33 36 38 39 40 43 47 48 50 0
1 2 8 9 14 17 22 24 31 34 36 38 42 48 49 50 0
4 7 20 21 24 25 30 31 33 35 42 49 0

66
2 5 6 7 8 9 11 12 13 15 16 18 19 20 21 23 24 25 27 28 29 32 34 35 38 39 40 42 43 46 47 48 50 0
1 4 5 6 11 12 13 14 15 20 21 24 27 28 30 31 33 36 38 39 40 42 43 47 48 50 0
1 2 3 4 7 8 9 11 14 15 17 18 20 21 22 24 27 30 31 32 36 37 38 39 42 43 44 45 49 50 0
1 4 5 7 14 17 19 20 24 25 28 30 31 32 33 34 35 38 42 43 44 46 47 48 49 50 0

67
1 2 3 4 5 6 7 8 11 12 14 16 17 18 20 22 23 24 25 26 28 29 32 33 34 35 36 38 39 40 42 43 46 48 50 0
4 5 6 8 11 12 13 14 20 21 24 25 28 30 33 34 36 38 39 40 42 43 44 46 49 50 0
1 2 4 5 7 8 9 11 13 14 17 18 20 21 22 23 24 25 26 27 28 32 35 36 37 38 39 42 43 44 45 49 0
1 2 4 5 7 14 15 17 19 20 21 22 24 25 28 30 31 32 33 35 38 40 42 43 44 46 47 48 49 50 0

68
1 2 3 4 5 6 7 8 9 11 12 14 15 16 17 18 20 22 25 26 28 30 31 32 33 34 35 36 37 38 41 42 45 47 50 0
1 3 4 5 8 11 12 13 14 16 17 18 20 21 22 24 28 29 32 33 36 37 38 39 40 42 43 44 46 48 49 50 0
2 9 15 17 22 24 32 36 37 38 39 42 43 44 45 49 0
4 6 7 20 21 24 25 30 31 33 34 35 42 49 0

69
1 2 3 4 5 8 9 11 12 13 14 16 17 20 21 22 23 25 26 27 29 30 32 34 35 36 37 38 39 40 41 43 45 46 48 50 0
1 4 11 13 14 20 24 28 33 36 38 39 40 43 50 0
1 2 8 9 14 15 17 22 24 32 36 38 39 42 43 44 49 0
6 7 20 21 24 25 30 31 33 34 35 42 49 0

70
1 2 4 7 8 9 11 14 15 18 20 21 22 23 26 29 32 33 34 35 37 38 39 40 41 42 45 46 47 48 50 0
3 4 5 7 8 11 12 13 14 17 18 20 21 22 24 28 33 34 36 37 38 39 40 43 46 48 50 0
1 2 4 8 9 12 15 17 19 22 24 29 31 32 36 37 38 39 42 44 45 46 49 0
4 6 7 12 20 21 24 25 27 30 31 33 34 35 42 49 0

71
1 2 4 5 6 8 9 11 12 14 16 17 18 19 20 22 24 25 26 27 29 30 32 33 34 35 36 38 39 40 41 42 46 48 50 0
4 5 6 8 10 11 12 13 14 17 20 21 24 25 28 30 33 34 36 38 39 40 42 43 46 48 49 50 0
1 2 3 4 5 7 8 9 11 14 17 18 20 21 22 23 24 25 27 31 32 35 36 37 38 39 42 43 44 45 49 0
1 4 5 7 14 15 17 19 20 21 22 24 25 28 30 31 32 33 35 38 40 42 43 44 46 47 48 49 50 0

72
2 3 4 5 6 7 8 11 12 14 16 17 18 19 20 22 24 25 26 27 29 30 32 34 35 36 38 39 40 41 42 44 46 48 49 50 0
4 5 6 8 10 11 12 13 14 17 20 21 24 25 27 28 30 33 34 36 38 39 40 42 43 46 48 49 50 0
1 2 3 4 5 7 8 9 11 13 14 15 16 17 18 20 21 22 23 24 25 26 27 28 31 32 33 35 36 37 38 39 42 43 44 45 49 50 0
1 2 4 5 7 14 15 17 19 20 21 22 24 25 28 30 31 32 33 35 38 40 41 42 43 44 46 47 48 49 50 0

73
2 5 6 7 8 9 11 12 13 14 16 17 18 19 20 22 23 24 25 26 27 28 29 30 32 33 34 35 36 39 41 42 48 49 50 0
4 5 6 10 11 12 13 14 20 21 24 25 27 28 30 33 34 36 38 39 40 43 47 48 49 50 0
1 2 4 5 8 9 11 14 17 18 20 21 22 23 24 25 27 31 32 35 36 37 38 39 42 43 44 45 49 0
1 4 5 7 14 17 19 20 21 22 24 25 28 30 31 32 33 35 38 42 43 44 46 48 49 50 0

74
1 3 4 5 6 8 9 10 11 12 13 14 15 16 17 20 23 24 25 26 28 29 30 32 33 34 35 36 37 38 39 41 42 43 45 46 0
1 4 5 11 13 14 15 20 24 28 33 36 38 39 40 43 50 0
1 2 8 9 14 15 17 22 24 32 36 38 39 42 43 44 49 0
7 20 21 24 25 30 31 33 35 42 49 0

75
2 4 5 6 9 10 11 14 16 20 23 24 25 26 27 33 34 35 36 37 38 39 41 42 45 46 47 48 49 50 0
1 4 5 11 13 14 15 18 20 24 33 36 38 39 40 43 50 0
1 2 8 9 14 15 17 22 24 32 36 38 39 42 43 44 49 0
6 7 20 21 24 25 30 31 33 34 35 42 49 0

76
3 5 6 7 8 9 11 12 13 14 16 17 18 19 20 22 24 25 26 27 29 32 33 34 35 36 38 39 41 42 43 46 48 50 0
4 5 11 12 13 14 20 24 25 28 33 34 36 38 39 40 43 48 50 0
1 2 4 8 9 11 14 17 20 21 22 23 24 25 26 27 32 35 36 37 38 39 42 43 44 45 49 0
1 4 5 7 14 17 19 20 21 24 25 28 30 31 33 35 42 43 48 49 50 0

77
2 5 8 9 11 12 14 16 18 19 20 21 23 26 27 29 32 34 35 39 40 41 43 46 48 50 0
1 4 5 6 11 12 13 14 15 20 21 24 28 33 36 38 39 40 43 47 48 50 0
2 4 8 9 11 14 15 17 20 21 22 24 26 27 31 32 36 37 38 39 42 43 44 45 49 0
1 4 5 7 14 19 20 21 24 25 28 30 31 33 34 35 42 48 49 50 0

78
5 7 8 9 12 16 17 20 21 22 25 26 27 31 32 33 34 35 36 38 44 48 50 0
4 5 11 12 13 15 19 20 23 24 33 36 38 39 40 43 48 50 0
1 2 5 8 9 10 11 14 17 22 24 27 31 32 36 38 39 42 43 45 49 50 0
4 7 20 21 24 25 28 30 31 33 35 42 49 0

79
2 4 5 6 7 8 9 11 12 14 16 18 20 21 24 25 26 27 29 32 34 35 37 38 39 40 43 46 48 50 0
4 5 6 11 12 13 14 15 20 21 24 28 33 36 38 39 40 43 46 47 48 50 0
1 2 3 4 5 8 9 11 14 15 17 18 20 21 22 23 24 25 26 27 28 30 31 32 35 36 37 38 39 42 43 44 45 49 50 0
1 4 5 7 14 15 17 19 20 21 22 24 25 28 30 31 32 33 34 35 38 40 42 43 44 46 47 48 49 50 0

80
1 2 4 5 6 9 12 14 15 16 18 20 21 24 26 27 28 31 32 33 34 35 36 37 38 40 42 43 45 46 48 49 50 0
1 2 3 4 5 6 8 11 12 13 14 17 20 21 24 28 33 34 36 38 39 40 42 43 46 48 50 0
1 2 4 7 9 11 15 16 17 19 20 22 23 24 27 31 32 35 36 37 38 39 42 43 44 45 46 49 0
4 6 7 12 20 21 24 25 27 30 31 33 34 35 42 49 0

81
1 2 3 4 5 6 8 10 11 12 14 16 17 20 21 22 23 24 25 26 27 29 30 32 35 37 38 39 40 43 44 46 48 50 0
1 4 11 12 13 14 20 24 28 33 36 38 39 40 43 50 0
1 2 8 9 14 15 17 22 24 32 36 38 39 42 43 44 49 0
7 20 21 24 25 30 31 33 34 35 42 49 0

82
1 2 3 4 5 6 7 8 9 10 11 12 13 14 15 17 18 21 22 24 25 26 27 30 31 33 35 36 37 38 39 40 41 45 49 50 0
1 2 3 4 5 6 7 8 9 11 12 13 14 15 16 17 20 21 24 25 26 28 29 32 33 34 36 38 39 40 42 43 44 46 49 50 0
1 2 8 9 12 14 15 17 19 22 24 29 32 36 37 38 39 42 43 44 45 46 49 0
6 7 20 21 24 25 30 31 33 34 35 42 49 0

83
2 5 6 7 9 11 12 16 17 18 21 23 24 25 26 27 29 30 32 35 37 38 39 40 41 42 46 47 48 50 0
1 4 5 10 11 12 13 14 15 20 24 27 28 30 31 33 36 38 39 40 42 43 47 48 50 0
1 2 8 9 14 15 17 20 22 24 31 32 36 38 42 43 44 45 49 0
4 7 14 19 20 21 24 25 30 31 33 35 42 49 0

84
1 4 5 6 9 10 11 12 13 14 15 16 18 19 20 21 22 23 24 25 26 27 28 30 32 33 34 35 36 37 38 39 41 42 43 45 47 48 50 0
3 5 11 12 13 14 15 17 20 21 24 28 33 34 36 38 39 40 43 50 0
1 2 8 9 14 15 17 22 24 32 36 38 39 42 43 44 49 0
6 7 20 21 24 25 30 31 33 34 35 42 49 0

85
2 3 6 7 8 9 12 13 14 16 19 20 25 26 27 28 31 32 33 34 35 36 41 44 48 50 0
1 4 5 6 10 11 12 13 15 19 20 24 27 31 33 36 38 39 40 41 43 47 48 50 0
1 2 5 8 9 10 11 14 17 20 22 24 25 27 31 32 34 36 38 39 42 43 49 50 0
4 7 20 21 24 25 30 31 33 35 42 49 0

86
2 3 4 5 6 7 8 9 11 12 14 15 16 17 19 24 25 26 27 29 30 32 33 34 35 36 38 39 40 41 42 46 48 50 0
4 5 6 11 12 13 14 17 20 24 25 28 30 33 34 36 38 39 40 42 43 48 50 0
1 2 4 8 9 11 14 17 20 21 22 23 24 26 27 32 35 36 37 38 39 42 43 44 45 49 0
7 14 19 20 21 24 25 28 30 31 33 35 42 49 0

87
2 3 4 5 6 9 12 13 16 17 19 20 21 22 23 24 25 26 27 28 30 31 32 34 35 36 38 39 42 43 46 48 49 50 0
1 4 6 9 10 11 12 13 20 23 25 26 27 28 30 31 33 35 36 38 39 40 42 43 47 48 49 50 0
1 2 3 5 8 9 10 13 17 21 22 24 25 26 28 30 31 34 36 38 41 42 47 48 49 50 0
3 4 5 7 13 15 18 20 21 24 25 28 29 30 31 33 35 36 40 41 42 46 47 48 49 50 0

88
4 5 6 8 9 10 11 12 14 15 16 18 20 22 24 25 26 27 30 32 33 34 35 36 37 38 39 40 41 42 45 46 47 48 50 0
1 4 5 11 13 14 15 20 21 22 24 28 33 34 36 38 39 40 43 46 48 50 0
1 2 8 9 14 15 17 22 24 27 32 36 38 39 42 43 44 45 49 0
4 6 7 19 20 21 24 25 30 31 33 35 42 49 0

89
5 7 8 9 12 14 16 17 19 20 22 24 25 26 27 31 32 33 34 35 36 38 39 44 48 50 0
4 5 7 10 11 12 13 15 18 19 20 22 23 24 27 30 31 33 35 36 37 38 39 40 41 43 45 47 48 50 0
1 2 3 4 5 7 8 9 10 11 13 14 16 17 18 20 22 23 24 25 27 28 30 31 32 33 34 35 36 38 39 41 42 43 45 47 48 49 50 0
1 2 4 5 7 14 15 17 18 19 20 21 22 23 24 25 28 30 31 32 33 35 38 40 41 42 43 44 46 47 48 49 50 0

90
1 2 4 5 6 9 10 11 12 13 15 16 17 18 19 20 21 22 23 24 25 26 27 28 30 32 33 34 35 36 37 38 39 42 44 45 47 48 49 50 0
3 4 5 8 9 11 12 13 14 15 17 20 21 25 26 29 33 34 36 38 39 40 43 46 49 50 0
1 2 4 9 12 15 17 19 20 22 23 24 27 29 35 36 37 38 42 43 44 45 46 49 0
1 6 7 8 9 11 12 14 16 20 21 23 24 25 27 30 31 33 34 35 39 42 45 49 0

91
2 3 4 5 6 7 8 9 12 14 15 16 17 18 19 20 23 24 26 27 29 30 33 34 35 38 39 40 42 46 47 48 49 50 0
1 4 5 8 11 13 14 20 24 28 33 34 36 38 39 40 43 44 50 0
1 2 3 4 5 7 8 9 11 13 14 15 17 18 20 21 22 23 24 25 26 27 28 30 32 35 36 37 38 39 42 43 44 45 49 50 0
1 2 4 5 7 14 15 17 19 20 21 22 24 25 28 30 31 32 33 35 38 40 41 42 43 44 46 47 48 49 50 0

92
2 5 8 9 11 12 16 18 19 21 23 24 25 26 29 32 34 35 36 37 38 39 40 41 42 46 48 50 0
1 4 5 6 10 11 12 13 14 15 20 21 22 24 27 28 30 31 33 36 38 39 40 43 46 47 48 50 0
2 3 4 8 9 11 14 15 17 18 20 21 22 24 26 27 30 31 32 36 37 38 39 42 43 44 45 49 50 0
1 4 5 7 14 17 19 20 21 24 25 28 30 31 32 33 34 35 38 42 43 44 48 49 50 0

93
2 3 6 7 8 9 12 16 19 20 25 26 27 28 31 32 33 34 35 36 39 41 44 48 50 0
1 4 5 11 12 13 15 20 24 33 36 38 39 40 43 50 0
1 2 5 8 9 11 14 17 21 22 24 25 31 32 36 38 39 42 43 45 49 50 0
4 7 20 21 24 25 30 31 33 35 42 49 0

94
1 2 4 5 6 9 10 11 12 13 14 15 16 17 18 19 21 22 23 24 25 26 27 31 32 33 35 36 37 38 39 41 42 43 45 46 48 49 50 0
2 3 4 5 6 8 9 11 12 13 14 17 20 21 24 25 26 32 33 36 38 39 40 43 46 50 0
1 2 9 15 17 22 24 32 36 38 39 42 43 44 45 49 0
6 7 19 20 21 24 25 30 31 33 34 35 42 49 0

95
2 4 5 6 7 8 9 11 12 13 14 16 17 18 19 20 23 24 25 27 29 30 32 33 35 36 39 40 41 42 46 48 49 50 0
4 5 6 10 11 12 13 14 20 21 24 25 27 28 30 33 34 36 38 39 40 42 43 47 48 49 50 0
1 2 4 5 7 8 9 11 14 17 18 20 21 22 23 24 25 27 31 32 35 36 37 38 39 42 43 44 45 49 0
1 4 5 7 14 15 17 19 20 21 22 24 25 28 30 31 32 33 35 38 40 42 43 44 46 47 48 49 50 0

96
2 3 4 5 6 7 8 9 10 11 12 13 14 17 18 19 20 23 24 25 26 27 29 30 32 33 34 35 36 38 39 40 41 42 43 46 49 50 0
4 5 8 11 12 13 14 17 20 21 24 28 33 34 36 38 39 40 43 46 50 0
1 2 3 4 5 7 8 9 11 13 14 15 17 18 20 21 22 23 24 25 26 27 28 32 35 36 37 38 39 42 43 44 45 49 0
1 2 4 5 7 14 15 17 19 20 22 24 25 28 30 31 32 33 35 38 40 41 42 43 44 46 47 48 49 50 0

97
1 2 3 4 5 6 8 9 11 12 13 14 15 18 19 20 22 23 24 25 26 28 30 33 34 35 36 38 39 41 42 45 48 49 50 0
1 3 4 5 11 13 14 17 20 21 33 34 36 38 39 40 43 46 50 0
1 2 8 9 15 17 22 24 27 32 36 38 39 42 43 44 45 49 0
4 6 7 19 20 21 24 25 30 31 33 34 35 42 49 0

98
1 2 3 4 5 7 8 9 11 12 15 16 18 20 22 24 27 29 32 33 34 35 37 38 39 40 42 46 47 48 50 0
4 5 11 13 14 20 24 28 33 36 38 39 40 43 44 50 0
2 4 8 9 11 14 15 17 18 20 21 22 24 26 27 31 32 36 38 39 42 43 44 45 49 0
1 4 5 7 14 17 19 20 21 24 25 28 30 31 33 35 42 43 48 49 50 0

99
1 3 4 5 6 7 8 9 10 11 12 13 14 15 16 17 18 19 20 21 22 23 24 25 26 28 30 31 32 33 35 36 37 39 41 42 43 45 46 47 48 49 0
1 3 4 5 11 12 13 14 15 16 20 21 24 28 29 32 33 34 36 38 39 40 43 44 50 0
1 2 8 9 14 15 17 22 24 27 32 36 38 39 42 43 44 45 49 0
4 6 7 19 20 21 24 25 30 31 33 34 35 42 49 0

100
2 3 5 6 7 8 9 10 11 12 14 16 17 18 19 20 23 24 25 29 30 32 33 34 35 39 40 42 46 47 48 49 0
4 5 6 8 11 12 13 14 20 21 24 25 33 34 36 38 39 40 43 46 50 0
1 2 3 4 5 7 8 9 11 13 14 15 16 17 18 20 21 22 23 24 25 26 27 28 30 32 33 35 36 37 38 39 42 43 44 45 49 50 0
1 2 4 5 7 14 15 17 19 20 21 22 24 25 28 30 31 32 33 35 38 40 41 42 43 44 46 47 48 49 50 0

