1
5 6 7 8 10 11 13 14 15 16 17 18 19 20 21 22 23 26 27 30 31 32 35 36 38 40 41 43 45 46 47 49 0
1 2 5 6 7 8 11 12 14 17 20 21 23 24 25 26 27 29 31 35 36 46 48 0
1 2 3 4 5 7 9 10 11 12 13 17 18 19 21 22 23 24 25 26 27 28 29 31 33 34 36 37 39 43 45 46 48 49 0
4 6 7 13 14 15 17 18 19 21 23 24 25 27 32 33 36 37 39 43 44 50 0
2 3 5 8 10 11 12 16 28 29 30 32 33 36 39 40 43 0

2
2 4 5 6 8 9 10 11 13 14 15 16 18 20 21 22 24 26 27 30 31 32 35 36 37 38 39 40 41 42 43 45 46 47 49 0
1 2 5 7 8 12 17 20 21 23 26 27 29 31 35 36 37 40 44 46 48 0
1 2 3 4 5 6 7 9 10 11 12 13 17 18 19 21 23 24 25 26 27 28 29 31 33 34 36 37 39 43 45 46 48 49 0
4 6 7 13 14 15 18 19 21 23 24 25 27 32 33 36 37 39 43 44 50 0
2 3 5 8 10 11 12 16 28 29 30 32 33 36 39 40 43 0

3
2 4 5 9 10 11 13 14 15 16 18 20 21 22 23 24 26 27 30 31 32 35 36 37 38 40 41 42 43 45 46 47 49 50 0
1 2 5 6 7 8 11 12 17 19 20 21 23 24 25 26 27 29 31 34 35 36 37 40 42 44 46 48 50 0
1 2 3 4 5 7 9 10 11 13 16 17 18 19 21 23 24 25 26 27 28 29 31 33 34 36 37 39 43 45 48 49 0
4 6 7 13 14 15 17 18 19 23 24 25 27 32 33 36 37 39 43 44 50 0
2 3 5 8 10 11 12 16 28 29 30 32 33 36 39 40 43 0

4
3 4 5 6 8 9 10 11 12 13 15 16 18 22 23 26 27 28 30 31 34 35 36 37 38 40 43 45 46 49 0
1 5 8 11 12 14 23 26 27 31 35 36 37 44 48 0
1 2 3 4 5 7 8 10 11 12 13 17 18 19 21 22 24 25 26 27 28 29 34 36 37 39 43 48 49 0
4 7 14 15 18 27 32 33 36 37 39 44 0
2 3 5 8 10 11 12 16 28 30 32 33 36 39 40 43 0

5
2 4 5 6 9 10 11 13 14 15 17 18 19 20 21 23 24 26 27 31 32 35 36 37 38 40 41 43 45 46 47 49 0
1 2 5 7 8 11 12 14 20 23 26 27 31 35 36 40 44 48 0
1 2 3 4 5 7 8 11 12 13 17 18 19 21 22 23 24 25 26 27 28 29 30 31 34 36 37 39 41 43 46 48 49 0
4 6 7 14 15 17 18 19 23 25 27 32 33 36 37 39 43 44 50 0
2 3 5 8 10 11 12 16 28 29 30 32 33 36 39 40 43 0

6
2 4 5 6 9 10 11 13 14 15 16 18 20 21 22 23 24 27 30 31 35 36 37 38 40 41 42 43 45 46 47 49 50 0
1 2 5 6 7 8 11 12 14 17 20 21 23 24 25 26 27 29 31 34 35 36 37 40 42 44 46 48 0
1 2 3 4 5 7 9 10 11 12 13 17 18 19 21 23 24 25 26 27 28 29 31 33 34 36 37 39 43 45 46 48 49 0
4 6 7 13 14 15 17 18 19 21 23 24 25 27 32 33 36 37 39 43 44 50 0
2 3 5 8 10 11 12 16 28 29 30 32 33 36 39 40 43 0

7
2 4 5 9 10 11 13 14 15 16 18 20 21 22 23 24 26 27 30 31 32 35 36 37 38 40 41 42 43 45 46 48 49 50 0
1 2 3 5 6 7 8 11 12 17 19 20 21 22 23 24 25 26 27 29 31 34 35 36 37 40 42 44 46 48 0
1 2 3 4 5 6 7 9 10 11 12 13 17 18 19 21 23 24 25 26 27 28 29 31 33 34 36 37 39 43 45 46 48 49 0
4 6 7 13 14 15 18 19 21 23 24 25 27 32 33 36 37 39 43 44 50 0
2 3 5 8 10 11 12 16 28 29 30 32 33 36 39 40 43 0

8
1 2 3 5 9 11 12 13 14 15 20 23 25 26 27 29 31 32 35 37 48 49 0
1 4 5 7 8 10 21 25 27 30 31 32 34 35 36 38 39 41 42 43 49 50 0
3 5 6 7 8 9 10 12 15 19 22 23 24 25 26 27 28 29 30 32 33 34 35 36 37 39 41 43 46 48 49 50 0
3 4 9 14 15 18 21 22 23 27 29 30 31 32 33 35 36 37 39 44 46 50 0
2 3 5 8 9 10 11 12 16 17 18 28 29 30 32 33 36 39 40 43 0

9
2 5 6 8 9 10 11 13 14 15 16 17 18 20 21 22 23 26 27 29 30 31 32 35 36 37 38 39 40 41 43 45 47 49 50 0
1 2 5 7 8 11 12 14 17 20 21 23 25 26 27 29 31 35 36 44 46 48 0
1 2 3 4 5 7 9 10 11 12 13 17 18 19 21 22 23 24 25 26 27 28 29 31 33 34 36 37 39 43 45 46 48 49 0
4 6 7 13 14 15 17 18 19 21 23 24 25 27 32 33 36 37 39 43 44 50 0
2 3 5 8 10 11 12 16 28 29 30 32 33 36 39 40 43 0

10
2 4 6 7 8 9 10 11 12 15 16 18 19 20 22 23 24 27 28 35 36 37 39 40 42 44 46 47 50 0
1 5 8 12 14 16 20 21 23 27 35 36 37 0
3 5 7 10 19 24 25 28 29 34 36 37 43 48 49 0
1 4 9 14 15 18 19 26 31 33 36 37 39 44 0
1 2 5 8 9 10 11 12 16 28 30 32 33 36 39 43 0

11
2 4 5 6 9 10 11 13 14 15 16 18 20 21 22 23 24 26 27 30 31 35 36 37 38 40 41 43 45 46 47 49 50 0
1 2 5 6 7 8 11 12 17 20 21 23 24 25 26 27 29 31 34 35 36 37 40 42 44 46 48 0
1 2 3 4 5 7 9 10 11 12 13 16 17 18 19 21 23 24 25 26 27 28 29 31 33 34 36 37 39 43 45 46 48 49 0
4 6 7 13 14 15 17 18 19 21 23 24 25 27 32 33 36 37 39 43 44 50 0
2 3 5 8 10 11 12 16 28 29 30 32 33 36 39 40 43 0

12
2 4 5 6 8 9 10 11 12 13 14 15 16 17 18 20 21 22 23 24 26 27 28 30 32 35 36 37 38 40 42 43 45 46 47 48 49 50 0
1 2 3 5 6 7 8 10 11 12 17 19 20 21 23 24 25 26 27 29 31 32 34 35 36 37 38 40 42 45 46 47 48 50 0
1 3 4 5 6 7 9 10 11 12 13 17 18 19 21 23 24 25 26 27 28 29 31 33 34 36 37 39 43 45 48 49 0
4 6 7 9 13 14 15 17 18 19 21 23 24 25 27 31 32 33 36 37 39 43 44 50 0
2 3 5 8 9 10 11 12 16 28 29 30 32 33 36 39 40 43 0

13
2 4 5 6 7 8 9 10 11 13 14 15 16 18 20 21 22 24 26 27 30 31 32 35 36 37 38 39 40 41 42 43 45 46 47 49 50 0
1 2 5 6 7 8 11 12 17 19 20 21 23 24 25 26 27 29 31 34 35 36 37 40 42 44 46 48 0
1 2 3 4 5 7 9 10 11 12 13 17 18 19 21 23 24 25 26 27 28 29 31 33 34 36 37 39 43 45 48 49 0
4 6 7 13 14 15 18 19 21 23 24 25 27 32 33 36 37 39 43 44 50 0
2 3 5 8 10 11 12 16 28 29 30 32 33 36 39 40 43 0

14
2 4 5 6 8 9 10 11 13 14 15 17 18 20 21 22 24 26 27 29 30 31 32 35 36 37 38 39 40 41 45 46 47 49 50 0
1 2 5 6 7 8 10 11 12 14 16 17 20 21 23 24 25 26 27 29 31 32 34 35 36 37 38 39 40 42 44 46 48 0
1 2 3 4 5 7 9 10 11 12 13 17 18 19 21 22 23 24 25 26 27 28 29 31 33 34 36 37 39 43 45 46 48 49 0
4 6 7 13 14 15 17 18 19 20 21 23 24 25 27 32 33 36 37 39 43 44 50 0
2 3 5 8 10 11 12 16 28 29 30 32 33 36 39 40 43 0

15
5 6 8 10 11 12 13 14 15 16 17 18 20 21 22 23 26 27 29 30 31 32 35 36 38 39 40 41 45 46 49 50 0
1 2 5 7 8 11 12 17 20 23 25 26 27 31 32 35 36 44 48 0
1 2 3 4 5 7 8 10 11 12 13 17 18 19 21 22 24 25 26 27 28 29 31 34 36 37 39 43 45 46 48 49 0
4 6 7 14 15 18 19 23 25 27 32 33 36 37 39 43 44 0
2 3 5 8 10 11 12 16 28 29 30 32 33 36 39 40 43 0

16
5 6 10 11 13 14 15 16 17 18 20 22 23 26 27 29 30 31 32 35 36 37 38 40 41 43 45 47 49 50 0
1 2 5 7 8 11 12 14 17 20 23 24 25 26 27 29 31 32 35 36 37 44 46 48 0
1 2 3 4 5 7 9 10 11 12 13 16 17 18 19 21 22 23 24 25 26 27 28 29 31 33 34 36 37 39 43 45 46 48 49 0
4 6 7 13 14 15 17 18 19 21 23 24 25 27 32 33 36 37 39 43 44 50 0
2 3 5 8 10 11 12 16 28 29 30 32 33 36 39 40 43 0

17
2 4 8 10 11 12 15 16 17 18 25 26 27 28 34 35 38 39 44 45 46 49 0
1 3 5 7 8 10 11 12 14 16 27 32 35 36 37 39 40 48 0
3 5 7 12 17 19 24 25 26 27 28 29 31 34 36 37 39 43 45 48 49 0
1 4 14 15 18 19 25 26 31 33 36 37 39 44 45 0
1 2 5 8 10 11 12 14 16 28 30 32 33 36 39 43 0

18
2 4 5 8 9 10 11 12 13 14 15 16 18 19 20 21 22 23 24 26 27 28 30 31 32 35 36 38 40 41 42 43 45 46 49 50 0
1 2 5 6 7 8 11 12 17 19 20 21 23 24 25 26 27 29 31 34 35 36 37 40 44 46 48 0
1 2 3 4 5 7 9 10 11 12 13 17 18 19 21 23 24 25 26 27 28 29 31 33 34 36 37 39 43 45 46 48 49 0
4 6 7 9 13 14 15 18 19 21 23 24 25 27 32 33 36 37 39 43 44 50 0
2 3 5 8 10 11 12 16 28 29 30 32 33 36 39 40 43 0

19
2 4 5 6 9 10 11 13 14 15 16 18 20 21 22 23 24 26 27 30 31 32 35 36 37 38 40 41 43 45 46 47 49 50 0
1 2 5 6 7 8 11 12 14 17 19 20 21 23 24 25 26 27 29 31 34 35 36 37 40 42 44 46 47 48 50 0
1 2 3 4 5 6 7 9 10 11 12 13 17 18 19 21 23 24 25 26 27 28 29 31 33 34 36 37 39 43 45 46 48 49 0
4 6 7 13 14 15 18 19 21 23 24 25 27 32 33 36 37 39 43 44 50 0
2 3 5 8 10 11 12 16 28 29 30 32 33 36 39 40 43 0

20
1 2 3 5 6 7 8 13 14 15 17 18 24 26 27 28 30 32 35 41 42 43 45 46 48 49 0
1 5 7 8 25 26 27 31 35 36 37 39 41 47 0
3 4 5 7 8 10 12 13 16 18 19 22 23 24 25 26 27 28 29 34 36 37 39 41 43 48 49 0
4 14 15 17 18 31 33 36 37 39 44 0
2 3 5 8 9 10 11 12 16 28 29 30 32 33 36 39 40 43 0

21
1 3 5 6 7 8 9 10 11 12 13 14 15 16 17 18 19 21 23 24 25 26 27 30 31 32 33 34 35 37 39 40 41 43 44 45 46 48 50 0
1 3 5 8 9 11 13 14 15 16 18 19 20 21 24 26 27 28 29 31 33 35 36 37 41 44 46 48 50 0
2 3 4 5 6 7 8 11 12 13 14 19 21 22 23 24 25 26 27 28 29 30 34 36 37 38 39 42 43 44 45 46 47 49 0
1 4 5 6 7 13 14 15 16 18 20 21 23 24 25 26 27 32 33 34 36 37 38 39 44 45 50 0
1 2 3 5 8 10 11 12 13 14 15 16 32 33 36 37 39 40 43 47 0

22
1 5 6 7 9 10 11 13 14 15 16 17 18 19 20 21 22 23 26 27 30 31 32 33 35 36 37 38 40 41 45 46 48 49 0
1 2 5 6 7 8 11 12 14 17 20 21 23 24 25 26 27 31 35 36 37 48 0
1 2 3 4 5 7 9 10 11 13 17 18 19 21 23 24 25 26 27 28 29 31 33 34 36 37 39 43 45 48 49 0
4 6 7 9 13 14 15 17 18 19 23 24 25 27 32 33 36 37 39 43 44 0
2 3 5 8 10 11 12 16 28 29 30 32 33 36 39 40 43 0

23
2 4 5 6 8 9 11 12 14 15 16 17 18 19 20 22 24 25 26 27 30 34 35 36 37 38 39 40 41 43 44 45 46 50 0
1 3 4 5 7 8 9 10 11 12 14 15 16 19 20 21 27 30 32 35 36 38 39 43 48 0
1 3 5 7 10 12 17 18 19 24 25 28 29 31 34 36 37 39 43 45 48 49 0
1 4 14 18 19 25 26 31 33 36 37 39 44 0
1 2 5 8 10 11 12 16 28 30 32 33 39 43 0

24
5 6 8 10 11 12 13 14 15 16 17 18 19 20 21 22 26 27 31 32 35 36 38 39 40 41 43 44 45 46 47 49 50 0
1 2 5 7 8 11 12 14 17 20 23 25 26 27 31 35 36 40 44 48 0
1 2 3 4 5 6 7 8 11 12 13 17 18 19 21 22 23 24 25 26 27 28 29 30 31 34 36 37 39 41 43 45 46 48 49 0
4 6 7 13 14 15 18 19 21 23 24 25 27 32 33 36 37 39 43 44 50 0
2 3 5 8 10 11 12 16 28 29 30 32 33 36 39 40 43 0

25
1 2 3 4 6 8 9 10 11 13 15 16 17 18 19 23 26 27 28 29 30 32 35 36 37 39 40 41 43 44 45 46 48 49 50 0
1 2 3 5 7 8 9 10 11 14 16 20 22 26 27 29 31 32 35 36 37 40 41 44 48 0
2 3 4 5 6 7 8 11 12 13 17 18 19 21 22 23 24 25 26 27 28 29 30 34 36 37 39 41 43 45 46 48 49 0
1 4 6 7 14 15 18 20 21 23 24 25 26 27 32 33 34 36 37 39 44 50 0
1 2 3 5 8 10 11 12 14 16 28 30 32 33 36 39 40 43 0

26
2 4 5 6 8 9 10 11 13 14 15 16 17 18 19 20 21 22 23 24 26 27 30 31 32 35 36 37 38 39 40 41 42 43 45 46 47 49 50 0
1 2 3 5 6 7 8 11 12 17 19 20 21 23 24 25 26 27 29 31 34 35 36 37 40 42 44 46 48 0
1 2 3 4 5 6 7 9 10 11 12 13 17 18 19 21 23 24 25 26 27 28 29 31 33 34 36 37 39 43 45 46 48 49 0
4 6 7 13 14 15 18 19 21 23 24 25 27 32 33 36 37 39 43 44 50 0
2 3 5 8 10 11 12 16 28 29 30 32 33 36 39 40 43 0

27
2 5 10 12 13 14 15 18 20 21 23 26 27 28 29 30 31 32 34 35 37 40 41 42 43 45 49 0
1 5 7 8 10 11 12 21 23 24 26 27 31 32 34 35 36 38 0
3 5 7 9 10 12 16 18 19 24 25 26 27 28 29 33 34 36 37 39 43 48 49 0
4 9 14 15 17 18 31 33 36 37 39 43 44 0
2 3 5 8 9 10 11 12 16 28 29 30 32 33 36 39 40 43 0

28
5 6 7 8 9 10 11 13 14 15 16 17 18 20 21 22 26 27 31 32 35 36 38 40 41 43 45 46 49 50 0
1 2 5 6 7 8 11 12 14 17 20 21 23 24 25 26 27 29 31 35 36 37 48 0
1 2 3 4 5 7 9 10 11 13 17 18 19 21 22 24 25 26 27 28 29 31 33 34 36 37 39 43 45 48 49 0
4 6 7 13 14 15 17 18 19 23 24 25 27 32 33 36 37 39 43 44 0
2 3 5 8 10 11 12 16 28 29 30 32 33 36 39 40 43 0

29
4 5 6 10 11 12 13 14 15 17 18 20 21 26 27 30 31 32 35 36 38 40 41 43 45 46 47 49 0
1 2 5 7 8 11 12 14 17 20 23 24 25 26 27 31 35 36 40 42 44 48 0
1 2 3 4 5 6 7 8 11 12 13 17 18 19 21 22 23 24 25 26 27 28 29 30 31 34 36 37 39 41 43 45 46 48 49 0
4 6 7 13 14 15 17 18 19 21 23 24 25 27 32 33 36 37 39 43 44 50 0
2 3 5 8 10 11 12 16 28 29 30 32 33 36 39 40 43 0

30
2 3 5 8 9 10 11 12 13 14 15 18 20 21 22 23 26 27 28 31 32 35 37 38 42 45 46 48 49 50 0
1 5 7 8 11 12 17 23 26 27 31 35 36 37 0
3 4 5 7 10 12 16 18 19 21 22 23 24 25 26 27 28 29 33 34 36 37 39 43 46 48 49 50 0
4 7 9 14 15 17 18 23 27 31 32 33 36 37 39 44 50 0
2 3 5 8 9 10 11 12 16 28 29 30 32 33 36 39 40 43 0

31
2 4 5 6 8 11 13 14 15 16 17 18 19 21 22 23 24 26 28 30 31 32 33 34 35 36 37 39 40 41 43 44 45 46 49 0
1 2 3 5 7 8 11 12 13 14 16 21 26 27 31 35 36 41 44 46 48 0
2 3 4 5 7 8 11 12 13 17 19 21 22 24 25 26 27 28 29 30 31 34 36 37 39 43 45 46 48 49 0
1 4 7 14 15 18 19 23 25 26 27 32 33 36 37 39 44 50 0
1 2 3 5 8 10 11 12 16 28 30 32 33 36 39 43 0

32
4 5 6 9 10 11 13 14 15 16 17 18 20 21 22 26 27 29 30 31 32 35 36 38 40 41 45 46 47 49 50 0
1 2 5 6 7 8 10 11 12 14 17 20 21 23 24 25 26 27 29 31 32 35 36 37 44 46 48 0
1 2 3 4 5 7 9 10 11 12 13 17 18 19 21 22 23 24 25 26 27 28 29 31 33 34 36 37 39 43 45 48 49 0
4 6 7 13 14 15 17 18 19 23 24 25 27 32 33 36 37 39 43 44 0
2 3 5 8 10 11 12 16 28 29 30 32 33 36 39 40 43 0

33
2 4 5 6 8 9 10 11 13 14 15 16 17 18 20 21 22 23 24 26 27 30 31 32 35 36 37 38 39 40 41 43 45 46 47 49 0
1 2 5 6 7 8 11 12 14 17 19 20 21 23 24 25 26 27 29 31 34 35 36 37 40 42 44 46 48 0
1 2 3 4 5 6 7 9 10 11 12 13 17 18 19 21 23 24 25 26 27 28 29 31 33 34 36 37 39 43 45 46 48 49 0
4 6 7 13 14 15 18 19 21 23 24 25 27 32 33 36 37 39 43 44 50 0
2 3 5 8 10 11 12 16 28 29 30 32 33 36 39 40 43 0

34
3 4 7 8 9 10 11 12 13 15 16 17 18 19 22 23 26 29 32 33 34 35 37 40 41 42 44 45 46 49 50 0
1 2 3 5 7 8 9 14 16 18 20 26 27 28 31 33 35 36 37 40 44 46 48 0
2 3 4 5 7 8 11 12 13 19 22 24 25 26 27 28 29 31 34 36 37 39 43 45 48 49 0
1 4 7 14 15 18 19 25 26 27 31 33 36 37 39 44 45 0
1 2 3 5 8 10 11 12 13 14 15 16 28 32 33 36 39 43 0

35
2 4 6 7 9 10 11 13 14 15 16 17 18 20 21 22 23 24 26 27 30 31 35 36 37 38 40 41 42 43 45 46 47 49 50 0
1 2 5 6 7 8 11 12 14 17 20 21 23 24 25 26 27 29 31 34 35 36 37 40 42 44 46 48 0
1 2 3 4 5 7 9 10 11 12 13 17 18 19 21 23 24 25 26 27 28 29 31 33 34 36 37 39 43 45 48 49 0
4 6 7 13 14 15 17 18 19 23 24 25 27 32 33 36 37 39 43 44 50 0
2 3 5 8 10 11 12 16 28 29 30 32 33 36 39 40 43 0

36
2 4 5 6 9 10 11 13 14 15 16 17 18 20 21 22 23 24 26 27 30 31 32 35 36 38 40 41 43 45 46 47 49 50 0
1 2 5 7 8 11 12 14 17 20 21 23 26 27 29 31 35 36 37 46 0
1 3 5 7 9 10 18 19 24 25 26 28 29 33 34 36 37 39 43 48 49 0
4 7 9 14 15 18 19 25 27 31 33 36 37 39 43 44 0
2 5 8 9 10 11 12 16 28 29 30 32 33 36 39 40 43 0

37
4 5 6 7 9 10 11 12 13 14 15 16 17 18 20 21 26 27 29 30 31 34 35 36 38 40 41 43 45 46 47 49 0
1 2 5 7 8 11 12 20 23 26 27 31 35 36 44 48 0
1 2 3 4 5 7 8 11 12 13 16 17 18 19 21 22 23 24 25 26 27 28 29 30 31 34 36 37 39 43 46 48 49 0
4 6 7 9 14 15 17 18 19 23 24 25 27 32 33 36 37 39 43 44 50 0
2 3 5 8 10 11 12 16 28 29 30 32 33 36 39 40 43 0

38
1 3 5 6 7 8 9 10 12 13 14 15 17 19 20 21 23 24 25 26 27 28 29 32 33 35 36 37 38 40 41 42 44 45 46 48 50 0
1 2 3 5 7 8 9 12 13 14 16 19 20 21 23 27 36 37 39 40 48 0
1 3 5 7 10 12 16 17 19 24 25 28 29 31 34 36 37 41 43 45 48 49 0
1 4 14 15 18 19 25 26 31 33 36 37 39 44 45 0
1 2 3 5 8 10 11 12 14 16 28 32 33 36 39 40 43 0

39
1 5 6 7 8 9 10 11 12 14 15 16 17 18 19 20 21 22 23 26 28 31 32 33 34 35 36 37 38 39 41 42 43 44 46 0
1 2 3 5 7 8 9 11 13 14 15 16 17 18 19 20 21 22 26 27 29 35 40 46 48 0
3 5 7 8 10 12 14 17 18 19 24 25 26 27 28 29 31 34 36 37 38 39 40 42 43 44 45 47 49 0
1 4 5 14 16 18 19 25 26 31 33 36 37 38 39 44 0
1 2 5 8 10 11 12 13 14 15 16 28 32 33 37 39 43 0

40
2 4 5 6 9 10 11 13 14 15 16 18 20 21 22 23 24 26 27 30 31 35 36 37 38 40 41 42 43 45 46 47 49 50 0
1 2 5 6 7 8 11 12 17 20 21 23 24 25 26 27 29 31 34 35 36 37 40 42 44 46 48 0
1 2 3 4 5 7 9 10 11 12 13 17 18 19 21 23 24 25 26 27 28 29 31 33 34 36 37 39 43 45 48 49 0
4 6 7 9 13 14 15 17 18 19 23 24 25 27 32 33 36 37 39 43 44 50 0
2 3 5 8 10 11 12 16 28 29 30 32 33 36 39 40 43 0

41
2 4 5 6 9 10 11 13 14 15 16 18 20 21 22 24 26 27 30 31 35 36 37 38 40 41 43 45 46 49 50 0
1 2 5 6 7 8 11 12 14 17 20 21 23 24 25 26 27 29 31 35 36 37 40 44 46 48 0
1 2 3 4 5 7 9 10 11 12 13 17 18 19 21 23 24 25 26 27 28 29 31 33 34 36 37 39 43 45 48 49 0
4 6 7 9 13 14 15 18 19 23 24 25 27 32 33 36 37 39 43 44 0
2 3 5 8 10 11 12 16 28 29 30 32 33 36 39 40 43 0

42
5 6 7 8 10 11 13 14 15 16 17 18 19 20 21 23 25 26 27 32 33 34 35 36 37 38 39 41 43 44 46 49 0
1 2 3 5 8 9 11 13 14 16 19 20 21 26 27 28 29 35 46 48 0
3 5 7 8 10 12 19 24 25 26 27 28 29 31 34 36 37 39 43 45 48 49 0
1 4 14 18 19 25 26 31 33 36 37 39 44 0
1 2 5 8 10 11 12 14 16 28 30 32 33 39 43 0

43
4 5 6 9 12 13 15 16 17 19 20 21 22 23 25 26 27 28 29 30 32 33 34 35 36 37 38 40 42 44 46 47 50 0
1 3 4 5 7 8 9 12 13 14 15 16 18 20 22 23 25 26 27 28 33 35 36 39 40 41 42 47 48 0
1 3 5 7 10 12 16 19 24 25 28 29 31 34 36 37 42 43 44 45 48 49 0
1 4 9 14 15 18 19 25 26 31 33 36 37 38 39 44 45 0
1 2 3 5 8 9 10 11 12 14 16 28 32 33 36 39 40 43 0

44
1 2 3 6 8 9 12 13 15 17 19 21 23 24 25 26 27 28 29 32 33 34 35 36 40 44 45 46 48 49 50 0
1 2 3 5 8 13 14 16 20 21 23 26 27 36 37 39 40 48 0
1 3 5 7 10 12 16 19 24 25 28 29 34 36 37 41 43 45 48 49 0
1 4 14 15 18 19 25 26 31 33 36 37 39 44 0
1 2 3 5 8 10 11 12 16 28 30 32 33 36 39 40 43 0

45
2 3 4 5 6 8 9 10 12 13 14 15 17 18 21 22 23 24 26 27 28 30 31 32 33 34 35 37 38 40 41 42 43 44 46 48 49 50 0
1 2 4 5 7 8 11 12 13 14 15 22 23 26 27 31 35 36 39 40 41 44 47 48 49 0
1 2 3 4 5 7 8 11 12 13 17 19 21 22 24 25 26 27 28 29 34 36 37 39 42 43 44 48 49 0
4 7 14 15 18 26 27 33 36 37 39 44 0
2 5 8 10 11 12 16 28 30 32 33 36 39 43 0

46
1 2 3 4 5 6 7 8 9 10 11 12 13 14 15 16 17 18 19 21 22 24 25 26 27 30 32 33 34 35 36 37 38 39 40 41 43 44 45 46 48 49 50 0
1 3 5 6 7 8 9 11 13 14 16 19 20 21 26 27 28 31 33 34 35 36 37 41 44 46 48 50 0
2 3 4 5 6 7 8 11 12 13 17 19 21 22 23 24 25 26 27 28 29 30 34 36 37 39 43 45 46 48 49 0
1 4 6 7 14 15 18 20 21 23 24 25 26 27 32 33 34 36 37 39 44 50 0
1 2 3 5 8 10 11 12 16 28 30 32 33 36 39 40 43 0

47
1 2 3 4 5 7 8 9 11 12 15 16 18 21 22 25 26 27 32 33 35 36 37 41 43 45 48 0
1 2 5 7 8 17 26 27 29 31 34 35 36 37 43 45 47 49 50 0
2 3 5 7 8 10 12 15 16 19 23 24 25 26 27 28 29 34 35 36 37 39 41 43 46 48 49 50 0
4 9 14 15 17 18 23 27 30 31 32 33 36 37 39 44 50 0
2 3 5 8 9 10 11 12 16 17 18 28 29 30 32 33 36 39 40 43 0

48
2 5 6 7 8 10 11 14 15 16 17 18 19 21 23 25 26 28 32 33 34 35 36 37 38 39 41 43 44 46 49 0
1 2 3 5 7 8 9 13 14 16 17 19 20 21 27 28 33 35 36 37 40 44 46 48 0
2 3 4 5 7 8 11 12 19 21 22 24 25 26 27 28 29 31 34 36 37 39 42 43 45 48 49 0
1 4 14 15 18 19 25 26 31 33 36 37 39 44 45 0
1 2 5 8 10 11 12 13 14 15 16 28 32 33 36 37 39 43 0

49
1 4 5 6 7 8 9 10 11 13 14 15 17 18 20 21 22 23 24 25 26 27 30 31 32 33 35 36 37 38 39 40 41 42 43 45 46 47 49 50 0
1 2 5 7 8 11 12 14 17 20 21 23 25 26 27 29 31 35 36 37 40 44 46 48 0
1 2 3 4 5 7 9 10 11 13 16 17 18 19 21 22 23 24 25 26 27 28 29 31 33 34 36 37 39 43 45 46 48 49 0
4 6 7 13 14 15 17 18 19 21 23 24 25 27 32 33 36 37 39 43 44 50 0
2 3 5 8 10 11 12 16 28 29 30 32 33 36 39 40 43 0

50
1 2 3 5 9 11 14 15 18 21 23 26 27 28 32 33 35 37 39 41 45 46 48 49 0
1 5 7 8 12 21 23 27 35 36 37 41 44 0
1 2 3 4 5 7 8 10 11 12 13 16 18 19 22 24 25 26 27 28 29 34 36 37 39 43 48 49 0
4 14 15 17 18 31 33 36 37 39 43 44 0
2 3 5 8 10 11 12 16 28 29 30 32 33 36 39 40 43 0

51
2 4 5 6 8 10 11 13 14 15 16 17 18 20 21 22 24 26 27 30 31 32 35 36 37 38 39 40 41 45 46 49 0
1 2 5 7 8 11 12 14 17 20 21 23 25 26 27 29 31 35 36 37 44 48 0
1 2 3 4 5 7 9 10 11 12 13 17 18 19 21 22 24 25 26 27 28 29 31 33 34 36 37 39 43 45 48 49 0
4 6 7 13 14 15 18 19 23 24 25 27 32 33 36 37 39 43 44 0
2 3 5 8 10 11 12 16 28 29 30 32 33 36 39 40 43 0

52
1 3 5 9 10 11 14 15 20 21 23 26 28 32 35 37 41 42 45 46 48 49 50 0
1 5 8 10 21 27 30 32 33 34 35 36 37 38 39 41 42 45 49 0
2 3 4 5 6 7 8 10 11 12 13 15 18 19 21 22 23 24 25 26 27 28 29 30 34 35 36 37 39 41 43 46 48 49 50 0
4 7 9 14 15 17 18 21 23 27 31 32 33 36 37 39 44 50 0
2 3 5 8 9 10 11 12 16 17 18 23 28 29 30 32 33 36 39 40 43 50 0

53
1 2 3 5 7 8 9 10 11 14 15 20 21 23 25 26 27 32 34 35 36 37 48 0
1 5 7 8 10 21 26 27 35 36 37 38 49 0
3 5 7 10 12 15 16 19 24 25 28 29 34 36 37 41 43 48 49 50 0
4 9 14 15 17 18 31 33 36 37 39 43 44 0
2 3 5 8 9 10 11 12 16 28 29 30 32 33 36 39 40 43 0

54
1 2 3 5 6 8 9 10 11 12 13 15 17 18 20 24 26 27 30 32 35 36 37 40 41 42 43 45 46 48 49 0
1 4 5 7 8 25 26 27 31 35 36 37 38 39 41 43 45 47 0
2 3 4 5 6 7 8 10 11 12 13 16 18 19 22 23 24 25 26 27 28 29 30 34 36 37 39 41 43 46 48 49 50 0
4 7 14 15 17 18 21 23 27 31 32 33 36 37 39 44 50 0
2 3 5 8 9 10 11 12 16 28 29 30 32 33 36 39 40 43 0

55
3 4 5 6 7 8 9 10 11 13 14 15 17 18 20 21 22 23 26 28 30 31 32 35 36 38 39 41 43 45 46 47 49 50 0
1 2 5 6 7 8 10 11 12 14 17 19 20 21 23 24 25 26 27 29 31 32 35 36 37 38 40 46 48 0
1 2 3 4 5 7 9 10 11 12 13 17 18 19 21 22 23 24 25 26 27 28 29 31 33 34 36 37 39 43 45 46 48 49 0
4 6 7 13 14 15 17 18 19 21 23 24 25 27 32 33 36 37 39 43 44 50 0
2 3 5 8 10 11 12 16 28 29 30 32 33 36 39 40 43 0

56
2 4 5 6 11 13 14 15 16 17 18 19 22 23 24 26 28 32 33 34 35 36 37 39 40 41 43 44 45 46 49 0
1 2 3 5 7 8 11 12 13 14 16 17 20 21 26 27 31 35 36 40 41 44 46 48 0
2 3 4 5 7 8 11 12 13 17 19 21 22 24 25 26 27 28 29 30 34 36 37 39 43 45 46 48 49 0
1 4 7 14 15 18 19 23 25 26 27 32 33 36 37 39 44 0
1 2 3 5 8 10 11 12 14 16 28 30 32 33 36 39 43 0

57
2 3 4 5 8 9 10 11 13 14 15 16 17 18 20 21 22 23 26 27 28 29 30 31 32 33 34 35 36 37 38 40 41 44 45 49 0
1 5 7 8 11 12 13 14 21 23 26 27 31 35 36 41 44 48 0
1 2 3 4 5 7 8 11 12 13 17 18 19 21 22 24 25 26 27 28 29 30 31 34 36 37 39 43 46 48 49 0
4 7 14 15 18 23 27 32 33 36 37 39 44 0
2 3 5 8 10 11 12 16 28 30 32 33 36 39 40 43 0

58
2 4 5 8 9 10 11 12 15 16 17 18 19 21 22 23 26 28 32 33 34 35 36 37 38 39 40 43 44 46 49 0
1 2 3 5 7 8 9 11 13 14 16 19 20 21 26 27 28 29 33 35 36 37 40 46 48 50 0
2 3 4 5 7 8 11 12 19 21 22 24 25 26 27 28 29 31 34 36 37 38 39 42 43 44 45 48 49 0
1 4 5 8 14 15 18 19 25 26 31 33 34 36 37 39 44 45 0
1 2 5 8 10 11 12 13 14 15 16 28 32 33 36 37 39 43 47 0

59
2 4 5 6 8 9 10 11 12 13 14 15 16 18 20 21 22 24 26 27 30 31 35 36 37 38 40 41 42 43 45 46 47 49 0
1 2 5 6 7 8 11 12 14 17 20 21 23 24 26 27 29 31 35 36 37 40 44 46 48 0
1 2 3 4 5 7 9 10 11 13 17 18 19 21 24 25 26 27 28 29 31 33 34 36 37 39 43 45 48 49 0
4 7 9 14 15 18 19 23 24 25 27 32 33 36 37 39 43 44 0
2 5 8 10 11 12 16 28 29 30 32 33 36 39 40 43 0

60
2 5 6 8 10 11 12 13 14 15 17 18 19 20 21 22 23 24 26 27 31 32 35 36 38 39 40 41 43 45 46 47 49 0
1 2 5 7 8 12 14 20 23 25 26 27 31 35 36 40 44 48 0
1 2 3 4 5 7 8 11 12 13 17 18 19 21 22 24 25 26 27 28 29 31 34 36 37 39 43 45 46 48 49 0
4 6 7 14 15 17 18 19 23 25 27 32 33 36 37 39 43 44 0
2 3 5 8 10 11 12 16 28 29 30 32 33 36 39 40 43 0

61
2 4 5 6 8 10 11 13 14 15 17 18 19 20 21 22 24 26 27 29 30 31 32 35 36 37 38 39 40 41 45 46 47 49 50 0
1 2 5 6 7 8 10 11 12 14 17 20 21 23 24 25 26 27 29 31 32 34 35 36 42 44 46 48 0
1 2 3 4 5 7 9 10 11 12 13 17 18 19 21 22 23 24 25 26 27 28 29 31 33 34 36 37 39 43 45 46 48 49 0
4 6 7 13 14 15 18 19 21 23 24 25 27 32 33 36 37 39 43 44 50 0
2 3 5 8 10 11 12 16 28 29 30 32 33 36 39 40 43 0

62
2 3 4 6 7 8 9 10 11 12 13 14 15 16 18 22 24 25 26 27 30 32 35 36 39 40 41 42 43 44 45 47 48 49 0
1 2 5 7 8 12 14 17 18 23 25 26 27 31 35 36 40 41 42 44 50 0
1 2 3 4 5 6 7 8 11 12 13 16 17 18 19 21 22 23 24 25 26 27 28 29 30 31 34 35 36 37 39 41 43 46 48 49 0
4 6 7 12 13 14 15 18 19 20 21 23 24 25 27 32 33 34 36 37 39 42 43 44 45 50 0
2 3 5 8 10 11 12 16 28 29 30 32 33 36 39 40 43 0

63
2 4 5 6 8 9 10 11 13 14 15 16 17 18 20 21 22 23 24 26 27 31 35 36 37 38 40 41 43 45 46 47 49 50 0
1 2 5 6 7 8 11 12 14 17 20 21 23 24 25 26 27 29 31 35 36 37 40 44 46 48 0
1 2 3 4 5 7 9 10 11 12 13 17 18 19 21 24 25 26 27 28 29 31 33 34 36 37 39 43 45 48 49 0
4 6 7 9 13 14 15 18 19 23 24 25 27 32 33 36 37 39 43 44 0
2 3 5 8 10 11 12 16 28 29 30 32 33 36 39 40 43 0

64
1 2 3 4 5 6 8 9 10 11 13 14 15 16 17 18 22 24 25 26 27 30 32 35 41 45 47 48 49 0
1 2 5 7 8 12 13 14 17 22 23 25 26 27 31 35 36 37 40 41 42 44 0
1 2 3 4 5 6 7 8 11 12 13 16 17 18 19 21 22 23 24 25 26 27 28 29 30 31 34 35 36 37 39 41 43 46 48 49 0
4 6 7 12 13 14 15 17 18 19 20 21 23 24 27 32 33 34 36 37 39 43 44 50 0
2 3 5 8 10 11 12 16 28 29 30 32 33 36 39 40 43 0

65
1 2 3 5 9 11 12 13 14 15 20 21 23 25 26 27 32 34 35 36 37 40 41 42 44 46 48 49 0
1 5 7 8 10 21 26 27 35 36 37 0
3 5 7 10 12 15 16 18 19 24 25 28 29 34 36 37 41 43 48 49 0
4 14 15 17 18 31 33 36 37 39 43 44 0
2 3 5 8 9 10 11 12 16 28 29 30 32 33 36 39 40 43 0

66
2 4 6 7 9 10 11 13 14 15 16 17 18 20 21 22 23 26 27 28 30 31 32 35 37 38 40 41 43 45 46 47 49 0
1 2 5 6 7 8 11 12 14 17 19 20 21 22 23 24 25 26 27 29 31 34 35 36 37 40 42 44 46 48 0
1 2 3 4 5 6 7 9 10 11 12 13 17 18 19 21 23 24 25 26 27 28 29 31 33 34 36 37 39 43 45 46 48 49 0
4 6 7 13 14 15 17 18 19 21 23 24 25 27 32 33 36 37 39 43 44 50 0
2 3 5 8 10 11 12 16 28 29 30 32 33 36 39 40 43 0

67
2 4 5 6 7 8 9 10 11 13 14 15 16 17 18 19 20 21 22 23 24 26 27 30 31 32 35 36 38 40 41 43 44 45 46 49 50 0
1 2 5 6 7 8 11 12 17 20 21 23 24 25 26 27 29 31 34 35 36 37 42 44 46 48 0
1 2 3 4 5 6 7 8 9 10 11 12 13 17 18 19 21 22 23 24 25 26 27 28 29 31 33 34 36 37 39 43 45 48 49 0
4 6 7 13 14 15 17 18 19 21 23 24 25 27 32 33 36 37 39 43 44 50 0
2 3 5 8 10 11 12 16 28 29 30 32 33 36 39 40 43 0

68
1 2 3 4 5 6 7 8 9 10 11 12 14 15 16 17 18 19 20 22 23 24 25 26 27 28 29 30 32 35 36 37 38 39 41 42 44 45 46 48 49 50 0
1 2 5 7 8 10 12 14 16 19 20 21 23 27 31 32 33 35 36 37 40 41 44 48 0
1 2 3 4 5 6 7 8 11 12 13 17 18 19 21 22 23 24 25 26 27 28 29 30 31 34 36 37 39 43 45 46 49 0
4 6 7 14 15 18 19 20 21 23 25 26 27 32 33 36 37 39 44 50 0
1 2 3 5 8 10 11 12 16 28 30 32 33 36 39 40 43 0

69
2 4 5 8 10 11 12 13 14 15 16 17 18 19 22 26 27 34 35 36 37 39 40 41 44 45 46 0
1 5 7 8 11 12 14 26 27 31 35 36 37 44 0
1 2 3 4 5 7 8 10 11 12 13 18 19 22 24 25 26 27 28 29 34 36 37 39 43 48 49 0
4 14 15 18 25 26 27 31 33 36 37 39 44 0
2 5 8 10 11 12 16 28 30 32 33 36 39 43 0

70
2 4 5 8 9 12 13 14 15 16 17 18 19 20 23 25 26 27 28 29 30 32 33 35 36 37 38 40 42 44 46 47 49 50 0
1 3 5 7 8 9 12 13 14 16 18 19 20 22 23 25 27 35 36 39 40 48 0
1 3 5 7 10 12 17 19 24 25 28 29 31 34 36 37 42 43 44 45 48 49 0
1 4 9 14 15 18 19 25 26 31 33 36 37 38 39 44 45 0
1 2 3 5 8 9 10 11 12 13 14 15 16 28 32 33 36 37 39 40 43 0

71
2 4 6 9 10 11 13 14 15 16 18 20 21 22 23 24 26 27 30 31 32 35 36 38 40 41 43 45 46 47 49 50 0
1 2 3 5 6 7 8 11 12 14 17 19 20 21 23 24 25 26 27 29 31 34 35 36 37 40 42 44 46 47 48 0
1 2 3 4 5 6 7 9 10 11 12 13 17 18 19 21 22 23 24 25 26 27 28 29 31 33 34 36 37 39 41 43 45 46 48 49 0
4 6 7 13 14 15 18 19 20 21 23 24 25 27 32 33 34 36 37 39 43 44 50 0
2 3 5 8 10 11 12 16 28 29 30 32 33 36 39 40 43 0

72
1 2 3 4 5 8 9 10 11 13 14 15 16 17 18 19 20 21 22 23 24 26 27 29 30 31 32 34 35 36 38 40 41 43 44 45 46 47 48 49 50 0
1 2 3 5 6 7 8 11 12 17 20 21 23 24 25 26 27 29 31 34 35 36 37 40 42 44 46 48 0
1 2 3 4 5 6 7 8 9 10 11 12 13 15 16 17 18 19 21 22 23 24 25 26 27 28 29 30 31 33 34 36 37 39 41 43 45 46 48 49 0
4 6 7 13 14 15 17 18 19 21 23 24 25 27 32 33 36 37 39 43 44 50 0
2 3 5 8 10 11 12 16 28 29 30 32 33 36 39 40 43 0

73
2 4 6 7 8 9 10 11 13 14 15 16 17 18 20 21 22 26 27 30 31 32 35 36 37 38 40 41 43 45 46 48 49 0
1 2 3 5 6 7 8 11 12 14 15 16 17 19 20 21 22 23 24 25 26 27 29 31 34 35 36 37 38 40 42 44 46 47 48 50 0
1 2 3 4 5 6 7 8 9 10 11 12 13 17 18 19 21 22 23 24 25 26 27 28 29 31 33 34 36 37 39 41 43 45 46 48 49 0
4 6 7 12 13 14 15 17 18 19 20 21 23 24 25 27 32 33 34 36 37 39 43 44 45 50 0
2 3 5 8 10 11 12 16 21 23 25 28 29 30 32 33 36 39 40 43 50 0

74
2 4 8 9 10 11 12 15 16 17 18 19 21 22 24 26 27 28 35 36 38 39 40 41 44 45 46 0
1 5 7 8 10 12 14 16 27 35 36 37 44 0
1 2 3 4 5 7 11 12 13 18 19 22 24 25 26 27 28 29 34 36 37 39 43 48 49 0
4 14 15 18 25 26 31 33 36 37 39 44 0
2 5 8 10 11 12 16 28 29 30 32 33 36 39 43 0

75
2 4 8 10 11 12 15 17 18 25 26 27 28 34 35 36 38 39 44 45 46 49 0
1 5 7 8 10 11 12 14 16 27 31 32 35 36 37 44 0
1 2 3 4 5 7 8 11 12 13 18 19 22 24 25 26 27 28 29 34 36 37 39 43 45 48 49 0
1 4 14 15 18 19 25 26 31 33 36 37 39 44 0
1 2 5 8 10 11 12 16 28 30 32 33 36 39 43 0

76
2 4 5 6 7 8 10 11 12 13 14 15 17 18 19 20 22 23 24 26 27 29 31 32 35 36 37 38 39 40 41 45 46 47 49 0
1 2 5 7 8 11 12 14 17 20 23 25 26 27 31 32 35 36 40 44 48 0
1 2 3 4 5 6 7 8 11 12 13 17 18 19 21 22 23 24 25 26 27 28 29 31 34 36 37 39 41 43 45 46 48 49 0
4 6 7 13 14 15 17 18 19 21 23 24 25 27 32 33 36 37 39 43 44 50 0
2 3 5 8 10 11 12 16 28 29 30 32 33 36 39 40 43 0

77
2 5 6 8 9 11 12 13 14 15 16 17 18 21 23 24 25 26 27 28 30 32 35 36 37 39 41 46 47 48 49 0
1 5 7 8 10 21 26 27 35 36 37 0
3 5 7 10 12 16 18 19 24 25 28 29 34 36 37 43 48 49 0
4 9 14 15 18 31 33 36 37 39 43 44 0
2 3 5 8 9 10 11 12 16 28 29 30 32 33 36 39 40 43 0

78
1 2 3 5 6 7 9 11 14 15 17 18 20 21 24 26 27 30 32 35 36 37 38 39 41 43 46 48 49 0
1 5 7 8 10 26 27 35 36 37 41 45 0
3 5 7 8 10 12 15 16 18 19 22 24 25 26 27 28 29 34 36 37 39 41 43 48 49 0
4 14 15 17 18 31 33 36 37 39 44 0
2 3 5 8 9 10 11 12 16 28 29 30 32 33 36 39 40 43 0

79
2 4 5 9 10 11 13 14 15 16 18 20 22 23 24 26 27 30 31 32 35 37 38 40 41 42 43 45 47 49 0
1 2 5 6 7 8 11 12 17 19 20 21 23 24 25 26 27 29 31 34 35 36 37 40 44 46 48 50 0
1 2 3 4 5 7 9 10 11 13 17 18 19 21 23 24 25 26 27 28 29 31 33 34 36 37 39 43 45 48 49 0
4 6 7 13 14 15 18 19 23 24 25 27 32 33 36 37 39 43 44 50 0
2 3 5 8 10 11 12 16 28 29 30 32 33 36 39 40 43 0

80
2 4 5 6 7 8 9 13 14 15 16 17 19 21 22 23 24 26 27 28 29 30 32 33 34 35 36 37 38 42 43 44 45 46 47 48 49 50 0
1 2 3 5 6 7 8 9 11 12 13 14 15 16 18 20 21 22 23 26 27 28 29 33 35 36 40 41 44 46 48 0
1 3 5 7 10 11 12 13 16 17 19 24 25 28 29 31 34 36 37 38 40 42 43 44 45 47 48 49 0
1 4 5 6 8 9 12 13 14 15 16 18 19 25 26 31 33 34 36 37 38 39 40 44 45 47 0
1 2 3 5 8 9 10 11 12 13 14 15 16 22 28 32 33 34 36 37 39 40 43 44 47 48 0

81
1 2 3 4 8 10 11 12 13 14 15 17 18 19 21 26 32 34 35 36 37 39 40 41 44 45 46 0
1 5 7 8 11 12 14 26 27 35 36 37 44 0
1 2 3 4 5 7 8 10 11 12 13 18 19 22 24 25 26 27 28 29 34 36 37 39 43 48 49 0
4 14 15 18 26 31 33 36 37 39 44 0
2 5 8 10 11 12 16 28 29 30 32 33 36 39 43 0

82
2 4 5 6 7 9 11 14 15 16 17 18 19 21 22 23 24 25 26 28 30 31 32 33 34 35 36 37 39 40 41 43 44 45 46 49 50 0
1 2 3 4 5 7 8 11 12 13 14 15 16 17 18 19 20 21 22 25 26 27 28 29 31 35 36 37 40 41 42 44 46 48 50 0
2 3 4 5 7 8 11 12 13 14 17 18 19 21 22 24 25 26 27 28 29 34 36 37 38 39 40 42 43 44 45 46 47 48 49 0
1 4 5 7 14 15 16 18 19 23 25 26 27 32 33 36 37 38 39 44 0
1 2 3 5 8 10 11 12 14 16 28 32 33 36 39 43 0

83
2 4 5 6 9 10 11 13 14 15 16 17 18 19 20 21 22 23 26 27 31 32 35 36 37 38 40 41 43 45 46 47 49 50 0
1 2 5 7 8 11 12 17 20 21 23 24 25 26 27 31 32 35 36 42 44 46 48 0
1 2 3 4 5 7 9 10 11 12 13 17 18 19 21 22 23 24 25 26 27 28 29 31 33 34 36 37 39 43 45 46 48 49 0
4 6 7 13 14 15 17 18 19 23 24 25 27 32 33 36 37 39 43 44 50 0
2 3 5 8 10 11 12 16 28 29 30 32 33 36 39 40 43 0

84
1 4 5 6 7 8 10 11 12 13 14 15 16 17 18 19 20 23 25 26 27 28 32 33 34 35 36 38 39 41 42 43 44 45 46 49 0
1 5 7 8 9 11 12 13 19 21 23 26 27 28 29 35 36 46 48 0
1 2 3 4 5 7 8 11 12 13 18 19 22 24 25 26 27 28 29 34 36 37 39 43 47 48 49 0
4 9 14 15 18 26 31 33 36 37 39 44 0
1 2 5 8 10 11 12 16 28 30 32 33 36 39 43 0

85
1 2 3 5 9 10 11 13 14 15 21 23 26 27 32 37 40 41 45 46 48 49 0
1 5 7 8 10 21 26 27 31 35 36 37 39 41 47 0
3 4 5 7 8 10 12 18 19 22 23 24 25 26 27 28 29 34 36 37 39 41 43 46 48 49 50 0
4 14 15 17 18 31 33 36 37 39 44 0
2 3 5 8 9 10 11 12 16 28 29 30 32 33 36 39 40 43 0

86
2 4 5 6 7 8 9 10 11 13 14 15 16 18 19 20 22 23 24 26 27 30 31 35 36 37 38 39 40 41 42 43 45 46 49 50 0
1 2 5 6 7 8 11 12 17 20 21 23 25 26 27 29 31 35 36 37 40 44 46 48 0
1 2 3 4 5 7 9 10 11 12 13 16 17 18 19 21 23 24 25 26 27 28 29 31 33 34 36 37 39 43 45 48 49 0
4 6 7 13 14 15 17 18 19 23 24 25 27 32 33 36 37 39 43 44 50 0
2 3 5 8 10 11 12 16 28 29 30 32 33 36 39 40 43 0

87
3 4 9 10 11 12 15 18 19 20 21 22 25 26 27 28 30 31 32 33 35 36 37 38 42 43 46 48 49 50 0
1 5 6 7 8 11 12 17 19 21 24 25 27 29 30 31 34 35 36 37 38 42 45 46 49 50 0
3 5 6 7 9 10 12 15 16 18 19 23 24 25 27 28 29 32 33 34 36 37 41 43 46 48 49 50 0
3 4 9 14 15 17 18 22 23 27 29 30 31 32 33 36 37 39 44 46 50 0
2 3 5 8 9 10 11 12 16 17 18 28 29 30 32 33 36 39 40 43 0

88
2 4 6 8 9 10 11 12 15 16 17 18 23 25 26 27 28 30 32 35 41 42 43 44 45 46 49 0
1 2 5 7 8 10 11 12 14 16 21 23 27 31 32 35 36 44 0
1 2 3 4 5 7 8 11 12 13 17 19 21 22 24 25 26 27 28 29 31 34 36 37 39 43 45 46 48 49 0
4 7 14 15 18 25 26 27 32 33 36 37 39 44 0
2 3 5 8 10 11 12 16 28 30 32 33 36 39 43 0

89
1 2 3 5 6 7 10 11 12 13 14 15 17 18 20 21 24 26 27 30 31 32 35 37 38 39 41 42 43 45 46 48 49 0
1 4 5 7 8 10 12 22 23 25 27 30 31 35 36 37 38 39 41 43 44 45 47 49 50 0
1 2 3 4 5 6 7 8 10 11 12 13 15 16 17 18 19 21 22 23 24 25 26 27 28 29 30 34 35 36 37 39 41 43 46 49 50 0
2 3 4 6 7 8 12 13 14 15 17 18 20 21 23 24 27 28 30 31 32 33 34 36 37 39 40 41 42 44 45 46 47 49 50 0
2 3 5 6 8 9 10 11 12 16 17 20 21 23 24 25 26 27 28 29 30 31 32 33 35 36 39 40 41 42 43 45 46 49 50 0

90
2 3 5 9 10 11 12 13 15 18 20 21 23 25 26 27 28 29 30 31 32 36 38 46 48 49 50 0
1 4 5 6 7 8 10 11 15 17 24 25 26 27 30 31 32 34 35 36 38 39 41 43 45 47 49 50 0
2 3 4 5 6 7 8 9 10 12 15 19 20 23 24 25 26 27 28 29 30 32 33 34 36 37 39 41 43 46 48 49 50 0
3 4 7 9 10 11 14 15 18 21 22 23 24 27 28 29 30 31 32 33 35 36 37 39 44 46 48 50 0
2 3 5 6 8 9 10 11 12 16 17 18 20 21 23 24 25 28 32 33 36 38 39 40 41 42 43 45 49 50 0

91
2 4 6 7 9 10 11 13 14 15 16 18 20 21 22 23 24 26 27 30 32 35 36 38 40 41 43 45 46 47 49 50 0
1 2 5 6 7 8 12 14 17 20 23 24 26 27 29 31 34 35 36 37 40 44 46 48 0
1 2 3 4 5 6 7 8 9 10 11 12 13 17 18 19 21 22 23 24 25 26 27 28 29 31 33 34 36 37 39 43 45 46 48 49 0
4 6 7 9 13 14 15 18 19 21 23 24 25 27 32 33 36 37 39 43 44 50 0
2 3 5 8 9 10 11 12 16 28 29 30 32 33 36 39 40 43 0

92
2 4 5 10 11 13 14 15 16 18 20 21 22 24 26 27 29 30 31 32 34 35 36 37 38 40 41 42 43 45 46 47 49 50 0
1 2 3 5 6 7 8 11 12 17 18 19 20 21 23 24 25 26 27 29 31 34 35 36 37 40 42 44 46 48 0
1 2 3 4 5 6 7 8 9 10 11 12 13 17 18 19 21 22 23 24 25 26 27 28 29 31 33 34 36 37 39 41 43 45 46 48 49 0
4 6 7 12 13 14 15 18 19 20 21 23 24 25 27 32 33 34 36 37 39 43 44 50 0
2 3 5 8 10 11 12 16 28 29 30 32 33 36 39 40 43 0

93
1 2 3 5 7 9 10 11 12 13 14 15 21 23 26 27 32 33 34 36 37 40 41 45 46 48 49 0
1 5 7 8 21 26 27 35 36 37 41 0
3 5 7 10 12 18 19 24 25 27 28 29 34 36 37 39 43 48 49 0
4 14 15 17 18 31 33 36 37 39 43 44 0
2 3 5 8 9 10 11 12 16 28 29 30 32 33 36 39 40 43 0

94
2 4 5 7 9 11 12 13 14 15 16 17 18 19 21 23 26 28 29 30 31 32 33 34 35 36 37 38 40 41 43 44 45 46 49 50 0
1 2 3 5 7 8 11 13 14 15 16 18 19 20 21 26 27 28 29 35 36 37 40 41 44 46 48 0
2 3 4 5 7 8 11 12 13 17 19 21 22 24 25 26 27 28 29 34 36 37 39 43 45 48 49 0
1 4 7 14 15 18 19 23 25 26 27 32 33 36 37 39 44 0
1 2 3 5 8 10 11 12 14 16 28 30 32 33 36 39 43 0

95
2 4 5 6 10 11 13 14 15 16 17 18 19 20 21 22 24 26 27 29 30 31 32 34 35 36 38 40 41 43 45 46 47 49 50 0
1 2 5 6 7 8 11 12 17 19 20 21 22 23 24 25 26 27 29 31 34 35 36 37 42 46 47 48 0
1 2 3 4 5 6 7 9 10 11 12 13 17 18 19 21 23 24 25 26 27 28 29 31 33 34 36 37 39 43 45 46 48 49 0
4 6 7 13 14 15 18 19 21 23 24 25 27 32 33 36 37 39 43 44 50 0
2 3 5 8 10 11 12 16 28 29 30 32 33 36 39 40 43 0

96
2 4 5 6 8 9 10 11 13 14 15 16 17 18 20 21 22 23 24 26 27 30 31 35 36 37 38 40 41 43 45 46 47 49 0
1 2 5 6 7 8 11 12 14 17 20 21 23 25 26 27 29 31 35 36 37 40 44 46 48 0
1 2 3 4 5 7 9 10 11 12 13 17 18 19 21 23 24 25 26 27 28 29 31 33 34 36 37 39 43 45 48 49 0
4 6 7 9 13 14 15 18 19 23 24 25 27 32 33 36 37 39 43 44 0
2 3 5 8 10 11 12 16 28 29 30 32 33 36 39 40 43 0

97
1 2 3 4 8 9 10 11 13 15 16 17 18 19 22 26 27 28 29 34 35 36 37 38 40 41 43 44 45 46 49 50 0
1 5 7 8 10 11 12 14 16 26 27 32 35 36 37 40 44 0
1 2 3 4 5 7 8 10 11 12 13 18 19 22 24 25 26 27 28 29 34 36 37 39 43 45 48 49 0
1 4 14 15 18 19 25 26 31 33 36 37 39 44 0
1 2 5 8 10 11 12 16 28 30 32 33 36 39 43 0

98
2 4 5 6 9 10 11 13 14 15 16 17 18 21 22 24 26 27 30 31 32 35 36 37 40 41 42 43 45 46 47 49 0
1 2 5 7 8 12 14 17 20 23 26 27 29 31 35 36 37 40 44 46 48 0
1 2 3 4 5 6 7 8 11 12 13 17 18 19 21 22 23 24 25 26 27 28 29 30 31 34 36 37 39 41 43 46 48 49 0
4 6 7 14 15 18 19 23 25 27 32 33 36 37 39 43 44 50 0
2 3 5 8 10 11 12 16 28 29 30 32 33 36 39 40 43 0

99
2 5 6 7 8 9 10 11 13 14 15 16 17 18 19 22 23 24 25 26 27 29 33 34 35 36 37 38 39 40 41 43 44 45 46 49 50 0
1 2 5 7 8 11 12 13 14 16 19 20 21 23 26 27 28 35 36 0
1 3 5 7 8 10 12 18 19 24 25 26 27 28 29 34 36 37 39 43 48 49 0
4 9 14 15 17 18 26 31 33 35 36 37 39 44 0
2 5 8 10 11 12 16 28 30 32 33 39 43 0

100
2 4 5 6 9 10 11 13 14 15 16 18 20 21 22 23 24 26 27 30 31 32 35 36 37 38 40 41 43 44 45 46 47 49 50 0
1 2 5 6 7 8 11 12 14 17 20 21 23 24 26 27 29 31 34 35 36 37 40 42 44 46 48 0
1 2 3 4 5 6 7 9 10 11 12 13 17 18 19 21 23 24 25 26 27 28 29 31 33 34 36 37 39 43 45 46 48 49 0
4 6 7 9 13 14 15 18 19 21 23 24 25 27 32 33 36 37 39 43 44 50 0
2 3 5 8 10 11 12 16 28 29 30 32 33 36 39 40 43 0

