1
2 3 4 7 8 9 12 14 15 18 22 23 24 25 26 27 29 30 32 33 34 35 38 39 41 44 46 47 48 0

2
1 2 3 4 5 6 7 9 10 12 14 15 16 18 19 22 23 24 25 27 29 30 31 32 35 38 39 41 43 44 46 47 0

3
2 3 4 5 6 9 12 14 15 18 19 22 23 24 25 26 29 30 31 32 35 39 41 44 46 47 48 0

4
2 3 4 5 6 7 9 12 15 16 18 19 22 23 24 25 26 27 30 32 34 35 36 37 39 40 41 43 44 45 46 47 0

5
2 3 4 5 7 9 10 12 13 14 15 18 19 21 22 23 24 25 28 30 32 34 36 37 38 39 40 41 42 43 44 46 47 48 50 0

6
2 3 5 6 8 9 11 12 14 15 16 18 19 21 22 23 24 26 30 31 32 33 35 39 41 44 46 47 48 0

7
1 2 3 4 5 6 9 10 11 12 14 15 16 18 21 22 23 24 26 27 29 30 31 32 33 35 39 41 44 46 47 48 49 0

8
2 3 4 5 6 7 8 9 10 11 12 14 15 16 17 18 19 20 21 22 23 24 26 27 30 31 32 33 34 35 38 41 43 44 46 47 48 49 0

9
2 3 4 5 6 7 9 10 12 14 15 16 18 19 22 23 24 25 26 27 28 29 30 31 32 33 34 35 37 38 39 40 41 44 46 47 48 49 50 0

10
1 2 3 4 5 6 7 9 11 12 13 15 16 17 18 22 23 24 30 34 35 36 38 39 40 41 43 44 45 46 47 50 0

11
2 3 5 6 8 9 10 12 14 15 16 18 22 23 24 25 26 30 31 32 35 39 41 43 44 46 47 48 0

12
2 3 4 5 6 9 10 12 14 15 16 18 22 23 24 26 27 30 31 32 35 39 41 42 43 44 46 47 48 49 0

13
1 2 3 4 5 6 9 12 14 15 16 18 22 23 24 26 27 30 31 32 35 39 41 43 44 46 47 48 49 0

14
1 2 3 4 6 8 9 10 11 12 14 15 16 17 18 19 20 21 22 23 24 25 26 27 29 30 31 32 33 35 38 39 41 44 46 47 48 49 0

15
2 3 4 5 6 7 9 10 12 14 15 18 22 23 24 25 26 27 28 29 30 31 32 33 34 37 38 39 40 41 43 44 46 47 48 49 50 0

16
2 3 4 5 6 9 10 12 14 15 16 18 22 23 24 25 26 28 29 30 31 32 33 35 37 38 39 40 41 43 44 46 47 48 49 50 0

17
2 3 4 5 6 7 8 9 12 13 14 15 17 18 19 21 22 23 24 25 27 28 30 32 33 34 35 36 37 38 39 40 41 44 45 46 47 50 0

18
2 3 4 5 6 9 12 14 15 18 19 21 22 23 24 26 27 30 31 32 35 39 41 44 46 47 48 0

19
2 3 5 6 8 9 10 12 14 15 16 18 22 23 24 25 26 30 31 32 35 39 41 43 44 46 47 48 0

20
1 2 3 4 5 6 7 8 9 10 11 12 13 14 15 16 17 18 19 20 22 23 24 26 27 30 32 33 34 38 41 43 44 46 47 48 0

21
1 2 3 4 5 7 9 11 12 13 14 15 18 19 21 22 23 24 25 27 28 30 32 34 35 36 37 38 39 40 41 42 43 45 46 47 49 50 0

22
2 3 4 6 7 8 9 10 12 14 15 16 18 20 21 22 23 24 25 26 30 32 33 34 35 37 38 39 40 41 44 46 47 48 49 50 0

23
1 2 3 4 5 7 9 10 11 12 13 14 15 17 18 19 21 22 23 24 25 26 27 29 30 32 33 34 35 36 37 38 39 40 41 42 43 44 45 46 47 49 50 0

24
2 3 4 5 7 9 10 12 14 16 19 20 21 22 24 25 26 27 28 29 30 31 32 34 35 37 38 39 40 41 42 43 44 46 48 49 50 0

25
4 7 9 10 13 15 16 18 19 20 21 22 23 24 25 29 30 31 33 34 36 37 38 39 40 41 42 44 45 46 49 50 0

26
1 2 3 4 5 6 9 10 12 14 15 16 18 22 23 24 25 26 27 30 31 32 35 38 39 41 42 43 44 46 47 48 49 0

27
1 2 3 4 5 6 7 8 9 11 12 14 15 17 18 19 22 23 24 26 27 30 31 32 33 34 35 36 38 39 41 44 46 47 48 0

28
2 3 4 7 9 10 12 13 14 15 18 22 23 24 25 26 28 29 30 31 32 33 35 37 39 41 43 44 46 48 0

29
2 3 4 5 6 9 12 14 18 21 22 23 25 26 30 32 33 35 38 39 41 42 43 44 46 47 48 49 50 0

30
1 2 3 4 5 6 7 9 11 12 14 15 17 18 19 22 23 24 26 27 30 31 32 33 34 35 38 39 41 43 44 46 47 48 0

31
2 3 5 6 7 8 9 10 12 13 14 15 16 18 21 22 23 24 26 28 29 30 32 34 35 36 37 38 39 40 41 42 44 45 46 47 49 50 0

32
2 3 9 12 14 16 18 22 23 24 25 26 28 30 32 33 39 41 42 43 44 46 47 48 49 50 0

33
2 3 6 9 10 12 14 15 16 18 19 22 23 24 26 27 29 30 31 32 35 39 41 43 44 46 47 48 0

34
3 5 7 9 10 13 15 16 18 22 23 24 25 29 30 32 34 36 37 38 39 40 41 42 43 45 46 50 0

35
2 3 5 6 8 9 10 12 15 16 18 19 20 21 22 23 24 25 26 29 30 31 32 35 39 41 42 43 44 46 47 48 49 0

36
1 2 4 5 9 10 12 13 15 16 18 19 20 21 22 23 24 25 26 30 31 32 35 39 41 42 43 44 46 47 49 0

37
1 2 3 4 5 9 10 12 13 14 15 18 19 21 22 23 24 25 26 27 28 30 31 32 35 39 40 41 42 43 44 46 47 48 49 0

38
4 5 7 8 9 10 13 15 16 17 18 19 20 21 22 23 24 25 29 30 33 34 35 36 37 38 39 40 42 43 44 45 46 49 50 0

39
1 2 3 4 5 6 7 8 9 11 12 14 15 17 18 22 23 24 26 29 30 31 32 33 34 35 38 39 40 41 44 45 46 47 48 0

40
1 2 3 5 6 8 9 11 12 14 15 16 18 19 21 22 23 24 26 29 30 31 32 35 39 41 43 44 46 47 48 49 0

41
1 2 3 9 10 12 14 15 18 19 21 22 23 24 26 29 30 31 32 35 39 41 43 44 46 47 48 49 0

42
1 2 3 4 5 7 9 10 11 12 13 15 16 18 19 20 21 22 23 24 25 26 28 29 30 32 34 35 36 37 38 40 41 42 43 44 45 46 47 49 50 0

43
4 5 7 8 10 13 15 16 17 18 20 21 22 24 25 28 30 31 34 35 36 37 38 39 40 42 43 44 45 46 49 50 0

44
5 7 10 13 15 16 17 18 19 20 21 22 24 25 28 30 31 33 34 35 36 37 38 39 40 42 43 44 45 46 49 50 0

45
2 3 4 5 6 7 8 9 10 12 14 15 16 17 18 19 20 22 23 24 25 26 27 28 29 30 31 32 33 34 35 36 37 38 39 40 41 43 44 45 46 47 50 0

46
1 4 5 7 9 10 13 15 16 18 19 20 21 22 24 25 28 29 30 31 34 36 37 38 39 40 41 42 43 45 46 49 50 0

47
1 2 3 4 5 6 7 9 10 11 12 14 15 16 18 19 20 21 22 23 24 25 26 27 29 30 31 32 34 35 38 39 40 41 42 43 45 46 47 48 49 0

48
1 2 3 4 5 7 9 10 11 12 13 14 15 16 18 20 21 22 23 24 25 26 28 29 30 32 34 35 36 37 38 39 40 41 42 44 45 46 47 48 49 50 0

49
2 3 4 5 6 7 8 9 12 14 15 16 18 19 21 22 23 24 25 26 27 30 31 32 33 34 35 36 38 39 41 42 43 44 46 47 48 49 0

50
1 2 3 4 5 6 7 8 10 11 12 13 14 15 16 17 18 19 20 22 23 24 26 30 31 32 33 34 35 36 38 39 40 41 43 44 45 46 47 48 0

51
2 3 6 8 9 10 12 14 15 16 18 21 22 23 24 25 26 27 30 31 32 33 35 38 39 41 42 43 44 46 47 48 49 50 0

52
1 2 3 4 5 6 7 9 10 11 12 14 15 16 17 18 19 20 22 23 24 26 27 29 30 31 32 33 34 35 38 39 41 43 44 46 47 48 0

53
2 3 4 5 6 7 8 9 10 11 12 14 15 17 18 20 21 22 23 24 25 27 30 31 32 33 34 35 36 37 38 40 41 42 43 44 45 46 47 48 49 50 0

54
1 2 3 4 5 6 7 8 9 10 11 12 14 15 16 17 18 19 20 22 23 24 26 27 30 31 32 33 34 35 38 39 41 42 43 44 46 47 48 0

55
2 3 4 5 9 10 12 14 15 16 18 20 21 22 23 24 25 26 27 28 30 31 32 33 39 41 43 44 46 47 48 49 0

56
2 3 5 7 8 9 10 11 12 13 14 15 16 18 21 22 23 24 26 27 28 29 30 32 34 35 36 37 38 39 40 41 42 44 45 46 47 48 49 50 0

57
2 3 4 5 6 7 9 10 12 13 15 16 18 19 20 22 23 25 28 29 30 32 34 35 36 37 38 39 40 41 42 44 45 46 47 48 49 50 0

58
1 2 3 4 5 7 8 9 10 11 12 13 14 15 16 18 20 22 23 25 27 28 30 32 34 35 36 37 38 39 40 41 44 45 46 47 48 50 0

59
1 2 3 4 5 9 10 12 14 15 18 19 21 22 23 24 25 26 27 29 30 31 32 35 39 41 43 44 46 47 48 49 0

60
2 3 4 5 7 9 10 12 14 18 19 21 22 23 24 25 26 27 28 29 30 31 32 33 34 37 38 39 40 41 43 44 46 48 50 0

61
2 3 6 8 9 10 12 14 15 16 18 22 23 24 26 27 30 31 32 33 34 38 39 40 41 43 44 46 47 48 49 50 0

62
1 2 3 4 5 7 9 10 12 13 14 15 16 17 18 19 21 22 23 24 25 27 28 29 30 31 34 39 40 41 43 44 45 46 0

63
1 2 3 6 9 10 12 14 15 16 18 19 20 21 22 23 24 25 26 30 31 32 35 39 41 42 43 44 46 47 49 0

64
1 2 3 4 5 9 10 12 14 15 16 18 19 20 21 22 23 24 25 26 27 30 31 32 34 35 39 41 43 44 46 47 48 0

65
2 3 4 5 6 7 8 9 10 11 12 13 15 16 17 18 19 20 21 22 23 24 25 26 29 30 31 32 33 34 36 37 38 40 41 42 43 44 45 46 47 48 49 50 0

66
2 3 5 6 9 12 14 15 16 18 22 23 24 26 30 32 35 37 39 41 42 43 44 46 47 48 49 0

67
2 3 6 8 9 11 12 14 15 16 18 19 21 22 23 24 25 26 30 31 32 33 35 39 41 44 46 47 48 49 0

68
1 2 3 4 5 6 7 9 12 13 14 15 18 19 21 22 23 24 26 30 32 33 34 35 36 37 38 39 40 41 43 44 45 46 47 49 50 0

69
2 3 4 6 7 8 9 10 12 13 14 15 16 18 21 22 23 24 26 27 29 30 31 32 33 34 35 36 37 38 39 40 41 42 44 45 46 47 49 50 0

70
4 5 7 8 9 10 13 15 16 17 18 19 20 21 22 23 24 25 29 30 31 34 35 36 37 38 39 40 42 43 44 45 46 49 50 0

71
2 3 6 8 9 12 14 15 16 18 22 23 24 26 30 31 32 33 35 39 41 44 46 47 48 0

72
1 2 3 6 8 9 11 12 14 15 16 18 19 20 21 22 23 24 25 26 27 29 30 31 32 33 35 39 41 44 46 47 48 49 0

73
2 3 6 8 9 10 11 12 14 15 16 17 18 22 23 24 25 26 27 30 31 32 33 35 39 41 42 43 44 46 47 48 0

74
1 2 3 4 5 6 7 8 9 11 12 13 14 15 18 19 21 22 23 24 26 27 29 30 31 32 34 35 36 37 38 39 40 41 44 45 46 47 49 50 0

75
2 3 4 5 6 7 8 9 10 12 13 14 15 16 18 19 21 22 23 24 25 27 30 31 32 33 34 35 36 37 38 39 40 41 44 45 46 49 50 0

76
1 2 3 4 5 7 9 10 12 14 15 16 18 21 22 23 24 25 26 27 30 31 32 33 34 35 38 39 40 41 42 43 44 46 47 48 49 50 0

77
1 2 3 4 6 9 10 12 15 16 18 19 20 21 22 23 24 25 26 27 29 30 31 32 35 38 39 41 42 43 44 46 47 49 0

78
2 3 4 5 7 8 10 11 14 15 16 17 18 19 20 21 22 24 26 29 30 31 33 34 35 36 38 39 40 41 42 44 45 46 47 48 49 0

79
2 4 5 6 9 12 15 18 19 22 23 25 26 29 30 31 32 35 37 39 41 43 44 46 47 48 49 0

80
3 4 5 7 9 10 13 15 16 18 22 24 25 28 29 30 34 36 37 38 39 40 41 43 44 45 46 50 0

81
1 2 3 4 6 7 8 9 10 11 12 13 14 15 16 18 21 22 23 24 26 27 29 30 31 32 34 35 36 38 39 40 41 42 45 46 47 48 49 50 0

82
1 2 3 5 6 7 8 9 10 11 12 14 15 17 18 20 22 23 24 26 29 30 31 32 33 34 35 38 39 41 43 44 46 47 48 50 0

83
2 3 5 6 9 10 12 14 15 16 18 22 23 24 25 26 30 31 32 33 34 35 36 38 39 40 41 42 43 44 46 47 48 50 0

84
2 3 4 5 7 9 10 11 12 13 14 15 16 18 19 20 21 22 23 24 25 27 28 29 30 32 34 36 37 38 39 40 41 42 43 44 45 46 49 50 0

85
1 2 3 4 5 6 7 8 9 10 11 12 14 15 16 17 18 19 20 22 23 24 26 29 30 32 33 34 35 36 38 41 43 44 46 47 48 50 0

86
1 2 3 4 5 9 10 12 14 15 18 19 22 23 24 26 27 29 30 31 32 35 39 41 43 44 46 47 48 0

87
1 2 3 4 5 6 7 8 9 11 12 14 15 18 21 22 23 24 26 27 28 30 31 32 34 35 39 41 42 46 47 48 0

88
1 2 3 4 5 6 7 8 9 12 13 14 15 17 18 19 21 22 23 24 26 27 29 30 32 33 34 35 36 37 38 39 40 41 43 44 45 46 47 48 49 50 0

89
1 2 3 4 5 6 7 8 9 10 11 12 13 14 15 16 17 18 19 20 22 23 24 26 27 30 31 32 33 34 35 38 39 41 43 44 46 47 48 0

90
1 2 3 4 5 6 7 8 9 11 12 14 15 17 18 22 23 24 26 27 30 31 32 33 34 35 38 39 41 44 46 47 48 49 0

91
1 2 3 4 5 9 10 12 14 15 16 18 19 21 22 23 24 25 26 27 30 31 32 35 39 41 43 44 46 47 48 49 0

92
1 2 3 4 5 6 9 12 14 15 16 18 22 23 24 26 27 30 31 32 33 35 39 41 43 44 46 47 48 49 0

93
3 4 5 6 7 8 9 10 11 12 15 16 17 18 19 20 22 23 24 30 31 32 33 34 35 36 38 40 41 44 45 46 47 48 50 0

94
2 3 4 5 6 7 8 9 11 12 13 14 15 16 17 18 21 22 23 24 26 28 29 30 32 34 35 36 37 38 39 40 41 42 44 45 46 47 49 50 0

95
2 3 5 6 8 9 10 11 12 14 15 16 18 21 22 23 24 26 29 30 31 32 33 35 39 41 44 46 47 48 49 0

96
2 3 6 9 10 12 14 15 16 18 19 21 22 23 24 26 27 29 30 31 32 35 39 41 42 43 44 46 47 48 49 0

97
2 3 7 8 9 10 12 13 14 15 16 18 21 22 23 24 27 29 30 32 34 35 36 37 38 39 40 41 45 46 49 50 0

98
1 2 4 5 9 10 12 13 15 16 17 18 19 21 22 23 24 27 30 34 38 39 40 41 43 44 46 47 50 0

99
1 2 3 4 5 6 7 8 9 10 11 12 13 14 15 16 18 19 20 21 22 23 24 25 26 29 30 32 34 35 36 38 39 40 41 42 43 44 45 46 47 48 49 50 0

100
1 2 3 5 6 9 10 12 14 15 18 19 22 23 24 26 30 31 32 35 39 41 43 44 46 47 48 0

