1
2 5 6 10 12 13 14 16 18 19 22 25 26 27 28 30 31 35 37 40 41 43 44 45 46 47 48 49 0
3 4 5 6 8 11 12 13 17 19 20 24 28 31 34 35 39 45 46 47 48 49 0
2 3 4 6 7 8 15 16 19 20 23 29 31 32 34 39 41 42 43 44 45 47 48 50 0
1 2 3 16 17 19 20 22 23 25 28 30 35 37 39 0
2 3 4 5 6 8 11 14 17 19 21 25 26 27 29 32 38 43 44 45 0
3 9 15 19 21 22 23 25 27 30 32 34 36 37 38 41 43 49 50 0
2 4 9 10 14 15 18 25 26 27 28 29 30 36 37 38 40 43 47 50 0
3 4 5 10 14 17 18 20 21 22 23 27 28 30 31 35 36 37 41 43 45 47 49 0
1 4 5 9 13 14 17 18 19 20 22 24 25 26 27 28 30 37 41 42 43 44 46 47 49 0

2
2 3 4 5 6 7 11 13 15 17 18 26 36 37 45 46 48 49 0
5 6 8 11 20 24 31 34 35 36 41 45 46 47 49 0
4 7 8 15 19 20 23 27 29 32 34 39 41 42 43 45 0
1 2 3 16 17 19 23 25 28 30 35 37 39 0
2 3 4 5 6 8 11 14 17 19 21 25 26 27 29 32 38 43 44 45 0
1 3 9 15 19 21 22 23 25 27 30 32 34 36 37 38 43 49 50 0
2 4 9 14 15 18 25 26 27 28 29 30 36 37 38 40 43 47 50 0
3 4 5 10 14 17 18 20 21 22 23 27 28 30 31 35 36 37 41 43 45 47 49 0
1 4 5 7 9 13 14 17 18 19 20 22 24 25 26 27 28 30 37 41 42 43 44 46 47 49 0

3
1 2 5 6 10 11 13 14 16 18 19 22 23 24 25 26 28 29 30 31 33 34 35 37 39 43 45 46 47 49 0
4 5 6 8 11 12 13 14 15 16 17 20 21 28 30 31 34 35 36 38 39 45 46 47 48 49 0
2 3 6 7 8 14 15 16 19 20 23 29 34 37 38 39 41 42 43 44 45 46 47 48 0
1 2 3 16 17 19 20 23 25 28 30 35 37 39 0
2 3 4 5 6 8 11 14 17 19 21 25 26 27 29 32 38 43 44 45 0
3 9 15 19 21 22 23 25 27 30 32 34 36 37 38 43 49 50 0
2 4 9 14 15 18 25 26 27 28 29 30 36 37 38 40 43 47 50 0
3 4 5 10 14 17 18 20 21 22 23 27 28 30 31 35 36 37 41 43 45 47 49 0
1 4 5 7 9 13 14 17 18 19 20 22 24 25 26 27 28 30 37 41 42 43 44 46 47 49 0

4
1 2 3 5 6 14 15 16 17 18 19 21 27 28 29 30 32 36 37 43 45 47 48 0
4 5 6 8 11 12 13 20 31 35 45 46 0
4 8 15 19 20 23 29 34 39 41 42 43 45 50 0
1 2 3 7 16 17 19 23 25 28 30 35 37 39 0
2 3 4 5 6 8 11 14 16 17 19 21 25 26 27 29 32 38 42 43 44 45 0
3 9 15 19 20 21 22 23 25 27 30 32 34 36 37 38 43 49 50 0
2 4 9 10 14 15 18 25 26 27 28 29 30 36 37 38 40 43 47 50 0
3 4 5 10 14 17 18 20 21 22 23 27 28 30 31 35 36 37 41 43 45 47 49 0
1 4 5 9 13 14 17 18 19 20 22 24 25 26 27 28 30 37 41 42 43 44 46 47 49 0

5
2 5 8 9 10 12 13 14 15 16 17 18 19 22 25 26 28 30 31 32 35 36 37 39 40 42 44 45 46 47 48 49 0
4 5 6 8 11 12 13 20 28 30 31 34 35 36 39 45 46 47 0
4 7 8 15 19 20 23 29 34 39 41 42 43 45 50 0
1 2 3 7 16 17 19 23 25 28 30 35 37 39 0
2 3 4 5 6 8 11 14 17 19 21 25 26 27 29 32 38 43 44 45 0
3 9 15 21 22 23 25 27 30 32 34 36 37 38 41 43 49 50 0
2 9 14 15 25 26 27 28 29 30 36 37 38 40 43 47 50 0
3 4 5 10 14 17 18 20 21 22 23 27 28 30 31 35 36 37 41 43 45 47 49 0
1 4 5 9 13 14 17 18 19 20 22 24 25 26 27 28 30 37 41 43 44 46 47 49 0

6
2 5 6 9 10 12 13 14 15 16 18 19 22 24 25 26 28 29 30 34 39 40 45 46 47 49 0
4 5 6 8 11 12 13 14 16 17 20 21 28 30 31 34 35 39 45 46 47 0
2 3 6 7 8 15 16 19 20 22 23 29 34 39 41 42 43 44 45 46 48 0
1 2 3 16 19 20 23 25 28 30 35 37 39 0
2 3 4 5 6 8 11 14 17 19 21 25 26 27 29 32 38 43 44 45 0
1 3 9 15 19 21 22 23 25 27 30 32 34 36 37 38 43 49 50 0
2 4 9 11 14 15 18 25 26 27 28 29 30 36 37 38 40 43 47 50 0
3 4 5 10 14 17 18 20 21 22 23 27 28 30 31 35 36 37 39 41 43 45 47 49 0
1 4 5 7 9 13 14 17 18 19 20 22 24 25 26 27 28 29 30 37 41 42 43 44 46 47 49 0

7
1 2 3 5 6 9 11 12 13 14 15 16 17 19 20 21 25 26 27 28 29 30 33 34 35 37 38 39 40 44 45 46 47 48 49 0
4 5 6 8 11 12 13 14 16 17 20 21 28 30 31 34 35 39 45 46 47 0
2 3 6 7 8 14 15 16 19 20 21 23 29 34 37 38 39 40 41 42 43 44 45 47 48 49 0
1 2 3 16 19 20 23 25 28 30 35 37 39 0
2 3 4 5 6 8 11 14 17 19 21 25 26 27 29 32 38 43 44 45 0
1 3 9 15 19 21 22 23 25 27 30 32 34 36 37 38 43 46 49 50 0
2 4 9 10 11 14 15 18 25 26 27 28 29 30 36 37 38 40 43 47 50 0
3 4 5 10 14 17 18 20 21 22 23 27 28 30 31 35 36 37 39 41 43 45 47 49 0
1 4 5 6 7 9 13 14 17 18 19 20 22 24 25 26 27 28 29 30 37 41 42 43 44 45 46 47 49 0

8
1 3 5 6 7 14 18 20 22 23 28 29 30 32 33 34 37 41 44 48 0
2 3 6 8 10 11 16 20 22 24 25 26 29 31 40 41 44 45 46 48 0
1 5 6 8 10 13 15 18 19 20 22 23 24 26 29 31 32 33 34 35 36 37 39 40 41 42 43 44 45 46 49 50 0
1 2 3 5 9 11 12 16 18 19 20 23 24 25 26 28 29 30 31 34 35 37 38 39 40 41 42 43 44 45 46 47 48 0
1 2 3 4 5 6 7 8 10 11 12 13 14 15 17 18 19 23 24 25 26 27 28 29 31 32 34 35 37 38 39 40 41 43 44 45 46 47 48 49 0
1 2 3 4 5 7 9 11 14 15 17 18 19 21 22 23 24 25 26 27 28 29 30 31 32 33 34 35 36 37 38 39 40 43 44 45 46 48 49 50 0
2 4 8 9 10 11 12 14 15 17 18 20 21 22 23 24 25 26 27 28 29 30 31 32 34 36 37 38 39 44 45 47 0
3 4 5 9 10 14 15 17 18 20 21 22 23 25 27 28 30 31 34 35 36 37 39 40 41 43 44 45 46 47 48 49 0
1 3 4 5 6 7 9 11 12 13 14 17 18 20 22 24 25 26 27 28 29 30 32 35 37 41 42 43 44 45 46 47 48 49 50 0

9
1 2 3 5 6 9 10 12 13 14 16 17 18 19 22 25 26 28 29 30 35 36 37 40 44 45 46 47 48 49 0
4 5 6 8 11 12 13 14 17 20 21 24 28 30 31 34 35 36 39 45 46 47 49 0
2 3 4 6 7 8 14 15 16 19 20 21 23 29 31 32 34 37 38 39 40 41 42 43 44 45 46 47 48 50 0
1 2 3 16 17 19 20 22 23 25 28 30 35 36 37 39 0
2 3 4 5 6 8 11 14 17 19 21 25 26 27 29 32 34 38 43 44 45 0
3 9 15 19 21 22 23 25 27 30 32 34 36 37 38 41 43 49 50 0
2 4 9 14 15 18 25 26 27 28 29 30 36 37 38 40 43 47 50 0
3 4 5 10 14 17 18 20 21 22 23 27 28 30 31 35 36 37 41 43 45 47 49 0
1 4 5 9 13 14 17 18 19 20 22 24 25 26 27 28 30 37 41 42 43 44 46 47 49 0

10
1 2 5 6 10 11 12 14 15 16 18 19 21 22 24 28 29 30 31 36 37 38 39 41 43 45 46 48 0
5 6 8 11 13 19 20 22 24 30 31 34 35 36 39 45 46 0
4 8 12 15 19 20 23 34 39 41 42 43 45 50 0
1 2 3 7 16 17 19 23 25 28 30 35 36 37 39 0
2 3 4 5 6 8 11 14 16 17 19 21 25 26 27 29 32 38 42 43 44 45 0
3 9 15 19 20 21 22 23 25 27 30 32 34 36 37 38 43 49 50 0
2 3 4 9 10 14 15 18 19 25 26 27 28 29 30 36 37 38 40 43 47 50 0
3 4 5 10 14 17 18 20 21 22 23 24 27 28 30 31 35 36 37 41 43 45 47 49 0
1 4 5 9 13 14 17 18 19 20 22 24 25 26 27 28 30 37 41 42 43 44 46 47 49 0

11
2 3 5 6 10 11 12 13 14 15 16 17 19 22 24 25 26 28 29 30 31 34 35 37 39 40 43 45 46 47 49 0
4 5 6 8 11 12 13 14 16 17 20 21 24 28 30 31 34 35 36 38 39 45 46 47 48 49 0
2 3 4 6 7 8 14 15 16 19 20 21 23 27 29 31 32 34 37 38 40 41 42 43 44 45 46 47 48 49 0
1 2 3 5 7 9 12 16 17 19 20 21 23 24 25 26 28 29 30 31 35 36 37 38 39 43 50 0
2 3 4 5 6 8 11 14 17 19 21 25 26 27 29 32 34 38 43 44 45 48 0
3 9 15 19 21 22 23 25 27 30 32 34 36 37 38 43 49 50 0
2 4 9 11 14 15 18 25 26 27 28 29 30 36 37 38 40 43 47 50 0
3 4 5 10 14 17 18 20 21 22 23 27 28 30 31 35 36 37 39 41 43 45 47 49 0
1 4 5 7 9 13 14 17 18 19 20 22 24 25 26 27 28 29 30 37 41 42 43 44 46 47 49 0

12
2 5 6 9 12 14 15 16 17 19 21 22 23 25 26 27 28 29 30 34 35 37 38 39 41 43 45 46 47 0
3 4 5 6 8 11 12 13 14 16 17 20 21 28 30 31 34 35 39 45 46 47 49 0
2 3 6 7 8 15 16 19 20 23 29 34 39 41 42 43 44 45 48 0
1 2 3 16 19 20 23 25 28 30 35 37 39 0
2 3 4 5 6 8 11 14 17 19 21 25 26 27 29 32 38 43 44 45 0
3 9 15 19 21 22 23 25 27 30 32 34 36 37 38 43 49 50 0
2 4 9 10 11 14 15 18 25 26 27 28 29 30 36 37 38 40 43 47 50 0
3 4 5 10 14 17 18 20 21 22 23 27 28 30 31 35 36 37 39 41 43 45 47 49 0
1 4 5 7 9 13 14 17 18 19 20 22 24 25 26 27 28 29 30 37 41 42 43 44 46 47 49 0

13
1 2 3 4 5 6 7 10 12 13 14 16 18 19 21 25 26 28 29 31 41 45 46 48 0
3 4 5 6 8 11 12 13 17 20 24 31 34 35 36 39 41 45 46 47 49 0
2 3 4 6 7 8 13 15 16 19 20 21 23 27 29 31 32 34 39 41 42 43 44 45 47 48 49 50 0
1 2 3 5 16 17 19 20 23 25 26 28 29 30 35 36 37 39 0
2 3 4 5 6 8 11 14 17 19 21 25 26 27 29 32 34 38 43 44 45 48 0
1 3 9 15 19 21 22 23 25 27 30 32 34 36 37 38 43 46 49 50 0
2 4 9 10 11 14 15 18 25 26 27 28 29 30 36 37 38 40 43 47 50 0
3 4 5 10 14 17 18 20 21 22 23 27 28 30 31 35 36 37 39 41 43 45 47 49 0
1 4 5 7 9 13 14 17 18 19 20 22 24 25 26 27 28 29 30 37 41 42 43 44 46 47 49 0

14
1 2 5 6 9 10 13 14 15 16 17 18 19 20 22 26 27 28 29 30 31 33 34 35 39 40 44 45 46 47 48 49 0
4 5 6 8 11 12 13 14 16 17 20 21 22 28 30 31 34 35 39 45 46 47 0
2 3 6 7 8 15 16 19 20 23 29 34 37 38 39 40 41 42 43 44 45 46 48 0
1 2 3 16 17 19 20 22 23 25 28 30 35 37 39 0
2 3 4 5 6 8 11 14 17 19 21 25 26 27 29 32 38 43 44 45 0
3 9 15 19 21 22 23 25 27 30 32 34 36 37 38 43 49 50 0
2 4 9 10 11 14 15 18 25 26 27 28 29 30 36 37 38 40 43 47 50 0
3 4 5 10 14 17 18 20 21 22 23 27 28 30 31 35 36 37 39 41 43 45 47 49 0
1 4 5 7 9 13 14 17 18 19 20 22 24 25 26 27 28 29 30 37 41 42 43 44 46 47 49 0

15
2 3 5 6 8 9 12 13 14 16 17 18 19 26 28 29 30 31 35 36 37 38 40 41 44 45 46 47 48 49 0
4 5 6 8 11 12 13 17 20 24 28 30 31 34 35 39 45 46 47 0
2 3 4 6 7 8 15 16 19 20 23 29 34 39 41 42 43 44 45 48 0
1 2 3 16 17 19 23 25 28 30 35 37 39 0
2 3 4 5 6 8 11 14 17 19 21 25 26 27 29 32 38 43 44 45 0
3 9 15 19 21 22 23 25 27 30 32 34 36 37 38 41 43 49 50 0
2 4 9 10 14 15 18 25 26 27 28 29 30 36 37 38 40 43 47 50 0
3 4 5 10 14 17 18 20 21 22 23 27 28 30 31 35 36 37 41 43 45 47 49 0
1 4 5 9 13 14 17 18 19 20 22 24 25 26 27 28 30 37 41 42 43 44 46 47 49 0

16
1 2 3 5 6 9 10 13 14 16 17 18 19 22 25 26 28 29 30 31 32 34 35 36 37 41 45 46 47 48 0
4 5 6 8 11 12 14 15 16 17 20 21 22 28 30 31 34 35 39 45 46 47 49 0
2 3 4 6 7 8 15 16 19 20 23 29 34 39 41 42 43 44 45 48 0
1 2 3 16 17 19 23 25 28 30 35 37 39 0
2 3 4 5 6 8 11 14 17 19 21 25 26 27 29 32 38 43 44 45 0
1 3 9 15 19 21 22 23 25 27 30 32 34 36 37 38 43 49 50 0
2 4 9 14 15 18 25 26 27 28 29 30 36 37 38 40 43 47 50 0
3 4 5 10 14 17 18 20 21 22 23 27 28 30 31 35 36 37 41 43 45 47 49 0
1 4 5 7 9 13 14 17 18 19 20 22 24 25 26 27 28 30 37 41 42 43 44 46 47 49 0

17
2 5 6 7 10 12 15 16 17 19 21 22 28 30 31 32 35 36 37 38 39 42 43 44 45 46 47 48 49 0
2 4 6 8 11 13 14 17 18 19 21 22 24 28 30 31 32 34 36 39 43 45 46 47 49 0
8 12 15 19 20 23 27 29 34 39 41 42 43 0
1 2 3 7 16 17 19 20 21 23 25 28 35 37 39 0
2 3 4 5 6 8 11 14 16 17 19 21 25 26 27 29 32 34 38 42 43 44 45 48 0
3 9 15 20 21 22 23 25 27 30 32 34 36 37 38 43 49 50 0
2 3 5 9 10 14 15 19 25 26 27 28 29 30 36 37 38 40 43 47 50 0
3 4 5 10 14 17 18 20 21 22 23 24 27 28 30 31 35 36 37 41 43 45 47 49 0
1 4 5 9 13 14 17 18 19 20 22 24 25 26 27 28 30 37 41 43 44 46 47 49 0

18
2 3 5 6 9 12 13 14 15 16 17 19 21 22 25 26 28 29 30 34 35 36 37 39 40 41 43 45 46 47 48 0
3 4 5 6 8 11 12 13 16 17 20 21 28 30 31 34 35 39 45 46 47 48 49 0
2 3 4 6 7 8 15 16 19 20 23 29 34 39 41 42 43 44 45 48 0
1 2 3 16 17 19 20 22 23 25 28 30 35 37 39 0
2 3 4 5 6 8 11 14 17 19 21 25 26 27 29 32 38 43 44 45 0
3 9 15 19 21 22 23 25 27 30 32 34 36 37 38 43 49 50 0
2 4 9 10 14 15 18 25 26 27 28 29 30 36 37 38 40 43 47 50 0
3 4 5 10 14 17 18 20 21 22 23 27 28 30 31 35 36 37 41 43 45 47 49 0
1 4 5 7 9 13 14 17 18 19 20 22 24 25 26 27 28 30 37 41 42 43 44 46 47 49 0

19
2 3 5 6 9 10 11 12 13 14 15 16 19 24 25 26 28 29 30 31 34 37 39 40 43 45 46 47 49 0
4 5 6 8 11 12 13 14 16 17 20 21 28 30 31 34 35 36 39 45 46 47 48 49 0
2 3 4 6 7 8 14 15 16 19 20 21 22 23 29 31 32 34 37 38 40 41 42 43 44 45 46 47 48 49 0
1 2 3 5 7 9 12 16 17 19 20 21 23 25 26 28 29 30 35 37 39 0
2 3 4 5 6 8 11 14 17 19 21 25 26 27 29 32 34 38 43 44 45 0
1 3 9 15 19 21 22 23 25 27 30 32 34 36 37 38 43 49 50 0
2 4 9 11 14 15 18 25 26 27 28 29 30 36 37 38 40 43 47 50 0
3 4 5 10 14 17 18 20 21 22 23 27 28 30 31 35 36 37 39 41 43 45 47 49 0
1 4 5 6 7 9 13 14 17 18 19 20 22 24 25 26 27 28 29 30 37 41 42 43 44 45 46 47 49 0

20
1 2 5 6 7 12 13 14 18 21 26 28 29 30 32 40 41 43 44 46 0
6 8 11 15 20 24 31 34 35 36 41 45 46 47 0
7 8 13 15 19 20 23 29 31 34 36 39 41 42 43 45 50 0
1 2 3 16 17 19 22 23 25 28 30 35 37 39 0
2 3 4 5 6 8 11 14 16 17 19 21 25 26 27 29 32 38 43 44 45 0
1 3 9 15 19 21 22 23 25 27 30 32 34 36 37 38 43 46 49 50 0
2 4 9 10 11 14 15 18 25 26 27 28 29 30 36 37 38 40 43 47 50 0
3 4 5 10 14 17 18 20 21 22 23 27 28 30 31 35 36 37 39 41 43 45 47 49 0
1 4 5 6 7 9 13 14 17 18 19 20 22 24 25 26 27 28 29 30 37 41 42 43 44 45 46 47 49 0

21
1 2 3 4 5 6 7 8 9 10 11 12 13 14 15 16 17 18 19 21 22 23 24 26 28 31 33 34 35 36 37 38 39 40 41 42 43 46 47 49 50 0
4 6 8 9 11 12 13 14 17 19 20 21 25 27 28 31 32 33 34 35 38 39 40 41 42 43 45 46 47 48 49 50 0
8 9 12 15 19 20 23 27 29 34 39 41 42 43 0
1 2 3 7 14 16 17 19 21 23 25 28 35 37 39 0
2 3 4 5 6 8 11 14 16 17 19 21 25 26 27 29 32 38 42 43 44 45 48 0
3 9 15 20 21 22 23 25 27 30 32 34 36 37 38 43 49 50 0
2 3 5 9 10 14 15 19 25 26 27 28 29 30 36 37 38 40 43 47 50 0
3 4 5 10 14 17 18 20 21 22 23 24 27 28 30 31 35 36 37 41 43 45 47 49 0
1 4 5 9 13 14 17 18 19 20 22 24 25 26 27 28 30 37 41 43 44 46 47 49 0

22
1 2 3 5 6 9 12 13 14 16 17 18 19 20 22 24 25 26 27 28 29 30 31 32 34 35 36 37 39 40 44 45 46 47 48 0
3 4 5 6 8 11 12 13 14 15 16 17 20 21 22 25 28 30 31 34 35 36 39 45 46 47 48 49 0
2 3 4 6 7 8 14 15 16 19 20 21 23 29 31 32 34 37 38 39 40 41 42 43 44 45 46 47 48 49 50 0
1 2 3 5 16 17 19 20 22 23 25 28 29 30 35 36 37 39 0
2 3 4 5 6 8 11 14 16 17 19 21 25 26 27 29 32 34 38 43 44 45 48 0
3 9 15 19 21 22 23 25 27 30 32 34 36 37 38 43 49 50 0
2 4 9 10 14 15 18 25 26 27 28 29 30 36 37 38 40 43 47 50 0
3 4 5 10 14 17 18 20 21 22 23 27 28 30 31 35 36 37 39 41 43 45 47 49 0
1 4 5 7 9 13 14 17 18 19 20 22 24 25 26 27 28 30 37 41 42 43 44 46 47 49 0

23
2 4 5 8 9 10 11 12 13 15 16 17 19 20 21 22 23 25 27 28 29 30 31 32 34 35 36 37 38 39 40 41 42 43 45 47 48 49 50 0
2 4 5 6 8 11 12 14 16 17 19 20 21 22 27 28 29 30 31 32 34 35 36 39 40 41 45 46 48 49 50 0
4 8 12 15 17 19 20 23 27 29 34 39 41 42 43 45 50 0
1 2 3 7 16 17 19 23 25 28 30 35 36 37 39 0
2 3 4 5 6 8 11 14 16 17 19 21 25 26 27 29 32 38 42 43 44 45 0
3 9 15 20 21 22 23 25 27 30 32 34 36 37 38 43 49 50 0
2 3 5 9 10 14 15 19 25 26 27 28 29 30 36 37 38 40 43 47 50 0
3 4 5 10 14 17 18 20 21 22 23 24 27 28 30 31 35 36 37 41 43 45 47 49 0
1 4 5 9 13 14 17 18 19 20 22 24 25 26 27 28 30 37 41 43 44 46 47 49 0

24
2 3 5 6 8 9 10 11 13 14 16 17 18 19 25 26 28 29 30 35 36 37 38 39 40 41 44 46 48 49 0
4 5 6 8 11 12 13 17 20 28 30 31 34 35 39 45 46 47 0
4 7 8 15 19 20 23 29 34 39 41 42 43 45 0
1 2 3 16 17 19 23 25 28 30 35 37 39 0
2 3 4 5 6 8 11 14 17 19 21 25 26 27 29 32 38 43 44 45 0
3 9 15 21 22 23 25 27 30 32 34 36 37 38 41 43 49 50 0
2 9 14 15 25 26 27 28 29 30 36 37 38 40 43 47 50 0
3 4 5 10 14 17 18 20 21 22 23 27 28 30 31 35 36 37 41 43 45 47 49 0
1 4 5 9 13 14 17 18 19 20 22 24 25 26 27 28 30 37 41 43 44 46 47 49 0

25
1 2 5 6 7 8 9 10 11 12 14 16 17 18 19 20 21 22 23 24 25 26 27 28 30 31 35 36 37 38 41 43 46 47 48 0
4 6 8 11 12 14 17 19 20 21 24 28 31 34 35 36 45 46 47 49 0
8 12 15 19 20 23 29 34 39 41 42 43 0
1 2 3 7 16 17 19 23 25 28 35 37 39 0
2 3 4 5 6 8 11 14 16 17 19 21 25 26 27 29 32 38 42 43 44 45 48 0
3 9 15 20 21 22 23 25 27 30 32 34 36 37 38 43 49 50 0
2 3 9 10 14 15 19 25 26 27 28 29 30 36 37 38 40 43 47 50 0
3 4 5 10 14 17 18 20 21 22 23 24 27 28 30 31 35 36 37 41 43 45 47 49 0
1 4 5 9 13 14 17 18 19 20 22 24 25 26 27 28 30 37 41 43 44 46 47 49 0

26
1 2 3 5 6 9 11 12 14 15 16 18 19 21 22 25 26 27 28 29 30 31 34 35 39 41 45 46 47 48 49 0
3 4 5 6 8 11 12 13 14 16 17 20 26 28 30 31 34 35 39 45 46 47 0
2 3 6 8 15 16 19 20 23 29 34 39 41 42 43 44 45 50 0
1 2 3 16 19 23 25 28 30 35 37 39 0
2 3 4 5 6 8 11 14 17 19 21 25 26 27 29 32 38 43 44 45 0
1 3 9 15 19 21 22 23 25 27 30 32 34 36 37 38 43 46 49 50 0
2 4 9 10 11 14 15 18 25 26 27 28 29 30 36 37 38 40 43 47 50 0
3 4 5 10 14 17 18 20 21 22 23 27 28 30 31 35 36 37 39 41 43 45 47 49 0
1 4 5 7 9 13 14 17 18 19 20 22 24 25 26 27 28 29 30 37 41 42 43 44 46 47 49 0

27
1 2 3 6 8 9 13 14 16 18 22 23 25 26 28 29 30 32 34 36 37 40 44 45 46 47 48 0
3 4 6 8 11 12 15 16 20 21 28 31 34 35 41 44 45 46 47 0
6 7 8 13 15 19 20 22 23 29 31 32 34 36 39 40 41 42 43 44 45 47 48 49 50 0
1 2 3 6 9 11 16 19 20 22 23 25 26 28 30 35 37 39 40 47 0
2 3 4 5 6 8 11 14 16 17 19 23 25 26 27 29 32 34 37 38 39 41 43 44 45 48 0
1 3 4 9 15 19 21 22 23 24 25 27 30 32 34 36 37 38 43 46 49 50 0
2 4 8 9 10 11 14 15 18 22 23 25 26 27 28 29 30 31 36 37 38 40 43 47 50 0
3 4 5 10 14 17 18 20 21 22 23 25 27 28 30 31 35 36 37 39 41 43 45 47 49 0
1 4 5 6 7 9 13 14 17 18 19 20 22 24 25 26 27 28 29 30 37 41 42 43 44 45 46 47 49 0

28
2 5 6 10 12 13 14 16 18 19 22 25 26 27 28 29 30 31 32 35 36 37 39 40 41 43 44 45 46 47 48 49 0
3 4 5 6 8 11 12 13 15 17 20 22 24 28 31 34 35 36 39 45 46 47 48 49 0
1 2 3 4 6 7 8 13 14 15 16 19 20 21 23 27 29 31 32 34 37 38 39 40 41 42 43 44 45 46 47 48 49 50 0
1 2 3 5 16 17 19 20 22 23 25 26 28 29 30 31 35 36 37 38 39 43 50 0
2 3 4 5 6 8 11 14 17 19 21 25 26 27 29 32 34 38 43 44 45 48 0
3 9 15 19 21 22 23 25 27 30 32 34 36 37 38 41 43 49 50 0
2 4 9 10 14 15 18 25 26 27 28 29 30 36 37 38 40 43 47 50 0
3 4 5 10 14 17 18 20 21 22 23 27 28 30 31 35 36 37 41 43 45 47 49 0
1 4 5 9 13 14 17 18 19 20 22 24 25 26 27 28 30 37 41 42 43 44 46 47 49 0

29
2 5 6 8 9 10 11 12 13 14 15 16 17 18 19 22 25 26 28 29 30 32 35 36 37 39 40 42 44 45 46 47 48 49 0
4 5 6 8 11 12 13 17 20 28 30 31 34 35 39 45 46 47 0
2 3 4 6 7 8 15 16 19 20 23 29 34 39 41 42 43 44 45 50 0
1 2 3 7 16 17 19 20 23 25 28 30 35 37 39 0
2 3 4 5 6 8 11 14 17 19 21 25 26 27 29 32 38 43 44 45 0
3 9 15 21 22 23 25 27 30 32 34 36 37 38 41 43 49 50 0
2 9 14 15 25 26 27 28 29 30 36 37 38 40 43 47 50 0
3 4 5 10 14 17 18 20 21 22 23 27 28 30 31 35 36 37 41 43 45 47 49 0
1 4 5 9 13 14 17 18 19 20 22 24 25 26 27 28 30 37 41 42 43 44 46 47 49 0

30
1 2 3 4 5 6 12 14 16 18 21 22 23 24 26 27 28 29 30 32 33 34 35 37 40 41 43 45 46 0
2 3 6 7 8 11 12 16 20 23 24 26 28 29 31 34 36 41 43 45 46 47 48 0
1 5 6 7 8 10 13 15 18 19 20 21 23 29 31 32 34 35 37 39 40 41 42 43 44 45 46 47 48 49 50 0
1 2 3 5 9 11 12 16 18 19 20 22 23 24 25 26 28 29 30 31 35 37 38 39 40 42 43 46 47 48 0
2 3 4 5 6 8 11 14 16 17 18 19 23 24 25 26 27 29 32 34 37 38 39 41 43 44 45 48 0
1 3 4 9 11 14 15 19 21 22 23 24 25 27 29 30 32 34 36 37 38 43 46 49 50 0
2 4 8 9 10 11 14 15 18 22 23 24 25 26 27 28 29 30 31 36 37 38 40 43 47 50 0
3 4 5 10 14 17 18 20 21 22 23 25 27 28 30 31 35 36 37 39 41 43 45 47 48 49 0
1 4 5 6 7 9 13 14 17 18 19 20 22 24 25 26 27 28 29 30 37 41 42 43 44 45 46 47 49 0

31
2 4 5 6 9 10 11 13 14 15 16 17 18 19 20 22 25 27 29 31 32 37 38 39 40 41 42 44 50 0
4 6 8 11 14 17 20 31 32 34 36 41 45 46 49 0
4 8 12 15 19 20 23 29 34 39 41 42 43 45 50 0
1 2 3 7 16 17 19 23 25 28 30 35 36 37 39 0
2 3 4 5 6 8 11 14 16 17 19 21 25 26 27 29 32 38 42 43 44 45 0
3 9 15 20 21 22 23 25 27 30 32 34 36 37 38 43 49 50 0
2 3 9 10 14 15 19 25 26 27 28 29 30 36 37 38 40 43 47 50 0
3 4 5 10 14 17 18 20 21 22 23 24 27 28 30 31 35 36 37 41 43 45 47 49 0
1 4 5 9 13 14 17 18 19 20 22 24 25 26 27 28 30 37 41 43 44 46 47 49 0

32
2 5 6 9 11 13 14 15 16 18 19 22 25 26 28 29 30 31 32 34 35 37 39 40 41 42 45 46 47 49 0
4 5 6 8 11 12 13 14 16 17 20 21 28 30 31 34 39 45 46 47 0
2 3 4 6 7 8 15 16 19 20 23 29 34 41 42 43 44 45 48 0
1 2 3 7 9 16 17 19 20 23 25 28 30 35 37 39 0
2 3 4 5 6 8 11 14 17 19 21 25 26 27 29 32 38 43 44 45 0
3 9 15 19 21 22 23 25 27 30 32 34 36 37 38 43 49 50 0
2 4 9 14 15 18 25 26 27 28 29 30 36 37 38 40 43 47 50 0
3 4 5 10 14 17 18 20 21 22 23 27 28 30 31 35 36 37 41 43 45 47 49 0
1 4 5 7 9 13 14 17 18 19 20 22 24 25 26 27 28 30 37 41 42 43 44 46 47 49 0

33
2 3 5 6 9 11 13 14 15 16 17 18 19 22 25 26 28 29 30 34 35 39 44 45 46 47 49 0
3 4 5 6 8 11 12 13 14 16 17 20 21 22 28 30 31 34 35 36 39 45 46 47 0
2 3 4 6 7 8 14 15 16 19 20 21 23 29 31 34 37 38 39 40 41 42 43 44 45 46 47 48 49 0
1 2 3 5 16 17 19 20 23 25 26 28 29 30 35 37 39 0
2 3 4 5 6 8 11 14 17 19 21 25 26 27 29 32 34 38 43 44 45 0
1 3 9 15 19 21 22 23 25 27 30 32 34 36 37 38 43 49 50 0
2 4 9 10 11 14 15 18 25 26 27 28 29 30 36 37 38 40 43 47 50 0
3 4 5 10 14 17 18 20 21 22 23 27 28 30 31 35 36 37 39 41 43 45 47 49 0
1 4 5 7 9 13 14 17 18 19 20 22 24 25 26 27 28 29 30 37 41 42 43 44 46 47 49 0

34
1 2 5 6 8 11 12 13 14 17 18 19 21 24 25 26 27 28 29 30 31 32 34 36 37 38 39 41 42 43 45 49 0
1 4 5 6 8 11 16 19 27 28 30 31 32 33 34 35 39 41 42 43 45 46 47 0
3 4 8 11 12 15 16 17 19 20 23 29 34 38 39 41 42 43 45 50 0
1 2 3 7 14 16 17 19 21 23 25 28 30 35 36 37 39 0
2 3 4 5 6 8 11 14 16 17 19 21 25 26 27 29 32 38 42 43 44 45 0
1 3 9 10 15 19 20 21 22 23 25 27 30 32 34 36 37 38 41 43 49 50 0
2 3 4 5 9 10 14 15 18 19 25 26 27 28 29 30 36 37 38 40 43 47 50 0
3 4 5 10 14 17 18 20 21 22 23 24 27 28 30 31 35 36 37 41 43 45 47 49 0
1 4 5 7 9 13 14 17 18 19 20 22 24 25 26 27 28 30 37 41 42 43 44 46 47 49 0

35
2 5 6 9 12 13 14 15 16 19 22 25 26 27 28 29 30 31 34 39 43 45 46 47 49 0
3 4 5 6 8 11 12 13 14 15 16 17 20 21 28 30 31 34 35 36 39 45 46 47 49 0
2 3 4 6 7 8 14 15 16 19 20 23 29 31 34 37 38 39 41 42 43 44 45 46 47 48 0
1 2 3 16 17 19 20 23 25 28 30 35 37 39 0
2 3 4 5 6 8 11 14 17 19 21 25 26 27 29 32 38 43 44 45 0
3 9 15 19 21 22 23 25 27 30 32 34 36 37 38 43 49 50 0
2 4 9 10 14 15 18 25 26 27 28 29 30 36 37 38 40 43 47 50 0
3 4 5 10 14 17 18 20 21 22 23 27 28 30 31 35 36 37 41 43 45 47 49 0
1 4 5 7 9 13 14 17 18 19 20 22 24 25 26 27 28 30 37 41 42 43 44 46 47 49 0

36
2 3 4 5 6 7 11 12 13 15 19 26 32 37 40 41 44 46 48 0
5 6 8 11 20 24 31 34 35 36 41 45 46 0
7 8 15 19 20 23 27 34 41 42 43 45 0
1 2 3 7 9 16 17 19 23 25 28 30 35 37 39 0
2 3 4 5 6 8 11 14 17 19 21 25 26 27 29 32 38 43 44 45 0
1 3 9 15 19 21 22 23 25 27 30 32 34 36 37 38 43 46 49 50 0
2 4 9 11 14 15 18 25 26 27 28 29 30 36 37 38 40 43 47 50 0
3 4 5 10 14 17 18 20 21 22 23 27 28 30 31 35 36 37 39 41 43 45 47 49 0
1 4 5 7 9 13 14 17 18 19 20 22 24 25 26 27 28 30 37 41 42 43 44 46 47 49 0

37
1 2 5 8 10 12 13 14 15 16 18 19 25 26 28 30 31 32 35 37 39 40 41 42 43 46 47 48 0
4 5 6 8 11 12 13 17 20 28 31 34 35 36 39 45 46 47 49 0
4 6 7 8 15 19 20 23 29 34 41 42 43 45 50 0
1 2 3 7 9 16 17 19 23 25 28 30 35 37 39 0
2 3 4 5 6 8 11 14 17 19 21 25 26 27 29 32 38 43 44 45 0
3 9 15 21 22 23 25 27 30 32 34 36 37 38 41 43 49 50 0
2 9 14 15 25 26 27 28 29 30 36 37 38 40 43 47 50 0
3 4 5 10 14 17 18 20 21 22 23 27 28 30 31 35 36 37 41 43 45 47 49 0
1 4 5 9 13 14 17 18 19 20 22 24 25 26 27 28 30 37 41 43 44 46 47 49 0

38
1 5 9 10 11 12 14 15 17 19 21 24 25 27 29 31 32 36 37 38 39 42 46 47 49 0
4 6 7 8 11 12 13 14 17 19 21 22 24 28 30 31 32 34 36 39 41 46 0
4 8 12 15 19 20 23 29 34 39 41 42 43 45 50 0
1 2 3 7 14 16 17 19 21 23 25 28 30 35 36 37 39 0
2 3 4 5 6 8 11 14 16 17 19 21 25 26 27 29 32 38 42 43 44 45 0
3 9 10 15 20 21 22 23 25 27 30 32 34 36 37 38 43 49 50 0
2 3 5 9 10 14 15 19 25 26 27 28 29 30 36 37 38 40 43 47 50 0
3 4 5 10 14 17 18 20 21 22 23 24 27 28 30 31 35 36 37 41 43 45 47 49 0
1 4 5 9 14 17 18 19 20 22 24 25 26 27 28 30 37 41 43 44 46 47 49 0

39
1 2 4 5 7 8 12 13 14 15 16 17 18 21 22 23 26 27 28 29 30 32 33 34 35 37 40 41 43 46 48 50 0
1 6 8 11 15 16 18 20 26 29 30 31 34 35 38 41 45 46 47 0
1 3 5 6 7 8 10 13 15 16 18 19 20 21 23 24 25 29 31 32 34 37 39 40 41 42 43 45 46 47 48 49 50 0
1 2 3 4 5 6 9 10 11 12 16 18 19 20 23 24 25 26 28 29 30 31 32 34 35 37 38 39 40 41 42 43 44 45 46 47 48 0
1 2 3 4 5 6 7 8 9 10 11 12 13 14 15 16 17 18 19 23 24 25 26 27 28 29 30 31 32 34 35 36 37 38 39 40 41 43 44 45 46 47 48 49 0
1 2 3 4 5 6 7 8 9 11 14 15 16 17 18 19 21 22 23 24 25 26 27 28 29 30 31 32 33 34 35 36 37 38 39 40 43 44 45 46 47 48 49 50 0
1 2 4 8 9 10 11 12 13 14 15 17 18 20 21 22 23 24 25 26 27 28 29 30 31 32 34 35 36 37 38 39 41 42 44 45 47 49 0
2 3 4 5 7 8 9 10 12 13 14 15 17 18 20 21 22 23 25 26 27 28 30 31 32 34 35 36 37 39 40 41 42 43 44 45 46 47 48 49 50 0
1 3 4 5 6 7 9 11 12 13 14 17 18 20 22 24 25 26 27 28 29 30 32 35 36 37 41 42 43 44 45 46 47 48 49 50 0

40
2 3 5 6 9 11 12 13 14 15 16 19 22 25 26 28 29 30 31 33 34 37 38 39 40 42 45 46 47 48 49 0
4 5 6 8 11 12 13 14 16 17 20 21 22 28 30 31 34 35 36 39 45 46 47 0
2 3 4 6 7 8 14 15 16 19 20 21 23 29 31 34 37 38 39 40 41 42 43 44 45 46 47 48 49 0
1 2 3 5 16 17 19 20 23 25 26 28 29 30 35 36 37 39 0
2 3 4 5 6 8 11 14 17 19 21 25 26 27 29 32 34 38 43 44 45 0
1 3 9 15 19 21 22 23 25 27 30 32 34 36 37 38 43 49 50 0
2 4 9 11 14 15 18 25 26 27 28 29 30 36 37 38 40 43 47 50 0
3 4 5 10 14 17 18 20 21 22 23 27 28 30 31 35 36 37 39 41 43 45 47 49 0
1 4 5 7 9 13 14 17 18 19 20 22 24 25 26 27 28 29 30 37 41 42 43 44 46 47 49 0

41
2 3 5 6 9 12 13 14 15 16 17 19 22 25 26 28 29 30 31 34 37 39 40 41 45 46 47 49 0
4 5 6 8 11 12 13 16 17 20 28 30 31 34 35 39 45 46 47 0
2 6 7 8 15 19 20 23 29 34 39 41 42 43 44 45 0
1 2 3 16 17 19 23 25 28 30 35 37 39 0
2 3 4 5 6 8 11 14 17 19 21 25 26 27 29 32 38 43 44 45 0
3 9 15 19 21 22 23 25 27 30 32 34 36 37 38 43 49 50 0
2 4 9 14 15 18 25 26 27 28 29 30 36 37 38 40 43 47 50 0
3 4 5 10 14 17 18 20 21 22 23 27 28 30 31 35 36 37 41 43 45 47 49 0
1 4 5 7 9 13 14 17 18 19 20 22 24 25 26 27 28 30 37 41 42 43 44 46 47 49 0

42
1 2 4 5 8 9 10 11 12 13 14 16 18 19 20 21 22 23 24 25 26 28 31 32 35 36 37 38 39 40 41 42 44 45 47 48 49 50 0
4 6 8 9 11 13 14 17 19 20 31 32 34 35 36 38 39 41 43 45 46 49 50 0
4 8 9 12 15 19 20 23 29 34 39 41 42 43 45 50 0
1 2 3 7 16 17 19 21 23 25 28 30 35 36 37 39 0
2 3 4 5 6 8 11 14 16 17 19 21 25 26 27 29 32 38 42 43 44 45 0
3 9 15 20 21 22 23 25 27 30 32 34 36 37 38 43 49 50 0
2 3 5 9 10 14 15 19 25 26 27 28 29 30 36 37 38 40 43 47 50 0
3 4 5 10 14 17 18 20 21 22 23 24 27 28 30 31 35 36 37 41 43 45 47 49 0
1 4 5 9 13 14 17 18 19 20 22 24 25 26 27 28 30 37 41 43 44 46 47 49 0

43
1 5 8 10 11 12 15 17 18 19 21 25 27 28 29 30 32 35 36 37 38 39 41 42 43 48 0
2 5 6 7 8 11 13 14 15 17 19 21 22 23 26 27 28 30 31 32 33 36 37 39 41 42 43 45 46 47 0
3 4 8 11 12 15 16 17 19 20 23 29 30 34 38 39 41 42 43 45 50 0
1 2 3 7 8 14 16 17 19 21 23 25 28 30 35 36 37 39 0
2 3 4 5 6 8 11 14 16 17 19 25 26 27 29 32 38 42 43 44 45 0
3 9 10 15 19 20 21 22 23 25 27 30 32 34 36 37 38 43 49 50 0
2 3 4 5 9 10 14 15 19 25 26 27 28 29 30 36 37 38 40 43 46 47 48 50 0
1 3 4 5 10 14 17 18 20 21 22 23 24 27 28 30 31 35 36 37 38 41 43 45 47 49 0
1 4 5 9 14 17 18 20 22 24 25 26 27 28 30 34 37 41 42 43 44 46 47 49 0

44
1 4 5 6 7 9 11 12 16 17 18 19 21 22 27 28 29 31 32 35 36 37 38 39 42 43 44 45 46 47 48 49 0
4 6 8 11 12 14 18 19 21 22 24 27 28 30 31 32 33 36 39 43 45 46 49 0
8 12 15 16 19 20 23 27 29 32 34 39 41 42 43 47 0
1 2 3 7 16 17 19 21 23 25 28 35 37 39 0
2 3 4 5 6 8 11 14 16 17 19 21 25 26 27 29 32 38 42 43 44 45 48 0
1 3 9 15 20 21 22 23 25 27 30 32 34 36 37 38 43 49 50 0
2 3 5 9 10 14 15 19 25 26 27 28 29 30 36 37 38 40 43 47 50 0
3 4 5 10 14 17 18 20 21 22 23 24 27 28 30 31 35 36 37 41 43 45 47 49 0
1 4 5 9 13 14 17 18 19 20 22 24 25 26 27 28 30 37 41 43 44 46 47 49 0

45
1 2 8 10 11 12 13 14 15 17 18 19 21 22 24 25 26 28 29 30 31 32 35 36 37 39 41 42 43 45 47 48 0
1 4 5 6 7 8 9 11 18 19 20 29 30 31 32 33 35 37 41 42 43 45 46 47 0
4 8 15 19 20 23 26 34 36 39 41 42 43 45 50 0
1 2 3 7 16 17 19 23 25 28 30 35 37 39 0
2 3 4 5 6 8 11 14 16 17 19 21 25 26 27 29 32 38 42 43 44 45 0
3 9 15 19 20 21 22 23 25 27 30 32 34 36 37 38 43 49 50 0
2 9 10 14 15 25 26 27 28 29 30 36 37 38 40 43 47 50 0
3 4 5 10 14 17 18 20 21 22 23 27 28 30 31 35 36 37 41 43 45 47 49 0
1 4 5 9 13 14 17 18 19 20 22 24 25 26 27 28 30 37 41 42 43 44 46 47 49 0

46
4 5 6 7 8 10 11 12 13 14 15 16 18 19 21 23 24 26 27 28 29 30 31 32 34 35 36 37 38 39 40 41 43 45 46 47 48 49 0
4 6 8 9 11 12 13 14 17 19 20 21 24 30 31 33 34 35 41 42 43 45 46 47 49 50 0
8 12 15 19 20 23 29 34 39 41 42 43 0
1 2 3 7 16 17 19 23 25 28 35 37 39 0
2 3 4 5 6 8 11 14 16 17 19 21 25 26 27 29 32 38 42 43 44 45 0
3 9 15 20 21 22 23 25 27 30 32 34 36 37 38 43 49 50 0
2 3 9 10 14 15 19 25 26 27 28 29 30 36 37 38 40 43 47 50 0
3 4 5 10 14 17 18 20 21 22 23 24 27 28 30 31 35 36 37 41 43 45 47 49 0
1 4 5 9 13 14 17 18 19 20 22 24 25 26 27 28 30 37 41 43 44 46 47 49 0

47
2 3 4 5 6 7 14 15 18 20 21 22 23 32 33 37 41 43 46 50 0
6 8 10 11 16 18 26 29 31 34 36 38 41 45 46 0
7 8 13 15 19 20 23 29 31 34 35 39 41 42 43 45 50 0
1 2 3 9 11 16 19 20 22 23 25 26 28 30 35 37 39 40 47 0
2 3 4 5 6 8 11 14 16 17 19 23 25 26 27 29 32 34 37 38 39 41 43 44 45 48 0
1 3 4 9 15 19 21 22 23 24 25 27 30 32 34 36 37 38 43 46 49 50 0
2 4 8 9 10 11 14 15 18 22 23 25 26 27 28 29 30 31 36 37 38 40 43 47 50 0
3 4 5 10 14 17 18 20 21 22 23 25 27 28 30 31 35 36 37 39 41 43 45 47 49 0
1 4 5 6 7 9 13 14 17 18 19 20 22 24 25 26 27 28 29 30 37 41 42 43 44 45 46 47 49 0

48
1 2 4 5 8 10 11 12 14 16 18 19 20 21 22 24 27 28 31 32 33 35 36 37 38 39 40 41 42 45 47 49 50 0
4 6 8 9 11 13 14 17 19 20 21 31 32 33 34 35 36 38 39 40 41 43 45 46 49 50 0
4 8 9 11 12 15 17 19 20 23 27 29 34 38 39 41 42 43 45 50 0
1 2 3 7 14 16 17 19 21 23 25 28 30 35 36 37 39 0
2 3 4 5 6 8 11 14 16 17 19 21 25 26 27 29 32 38 42 43 44 45 0
3 9 10 15 20 21 22 23 25 27 30 32 34 36 37 38 43 49 50 0
2 3 5 9 10 14 15 19 25 26 27 28 29 30 36 37 38 40 43 47 50 0
3 4 5 10 14 17 18 20 21 22 23 24 27 28 30 31 35 36 37 41 43 45 47 49 0
1 4 5 9 14 17 18 19 20 22 24 25 26 27 28 30 37 41 43 44 46 47 49 0

49
1 2 5 6 8 9 12 13 14 15 16 18 19 20 22 23 24 25 26 28 30 31 32 36 38 39 40 41 43 45 46 47 0
4 5 6 8 11 12 16 17 19 20 21 28 31 34 35 36 39 45 46 49 0
2 4 6 7 8 15 19 20 23 27 29 34 36 39 41 42 43 44 45 50 0
1 2 3 16 17 19 20 22 23 25 28 30 35 37 39 0
2 3 4 5 6 8 11 14 17 19 21 25 26 27 29 32 38 43 44 45 0
3 9 15 21 22 23 25 27 30 32 34 36 37 38 41 43 49 50 0
2 9 10 14 15 25 26 27 28 29 30 36 37 38 40 43 47 50 0
3 4 5 10 14 17 18 20 21 22 23 27 28 30 31 35 36 37 41 43 45 47 49 0
1 4 5 9 13 14 17 18 19 20 22 24 25 26 27 28 30 37 41 43 44 46 47 49 0

50
1 2 3 4 5 6 7 8 9 10 11 12 13 14 15 16 17 18 19 20 21 22 23 24 25 26 27 28 29 30 31 32 33 34 35 36 37 38 39 40 41 42 43 44 45 46 47 48 49 50 0
1 2 3 4 5 6 7 8 9 10 11 12 13 14 15 16 17 18 19 20 21 22 23 24 25 26 27 28 29 30 31 32 33 34 35 36 37 38 39 40 41 42 43 44 45 46 47 48 49 50 0
1 2 3 4 5 6 7 8 9 10 11 12 13 14 15 16 17 18 19 20 21 22 23 24 25 26 27 28 29 30 31 32 33 34 35 36 37 38 39 40 41 42 43 44 45 46 47 48 49 50 0
1 2 3 4 5 6 7 8 9 10 11 12 13 14 15 16 17 18 19 20 21 22 23 24 25 26 27 28 29 30 31 32 33 34 35 36 37 38 39 40 41 42 43 44 45 46 47 48 49 50 0
1 2 3 4 5 6 7 8 9 10 11 12 13 14 15 16 17 18 19 20 21 22 23 24 25 26 27 28 29 30 31 32 33 34 35 36 37 38 39 40 41 42 43 44 45 46 47 48 49 50 0
1 2 3 4 5 6 7 8 9 10 11 12 13 14 15 16 17 18 19 20 21 22 23 24 25 26 27 28 29 30 31 32 33 34 35 36 37 38 39 40 41 42 43 44 45 46 47 48 49 50 0
1 2 3 4 5 6 7 8 9 10 11 12 13 14 15 16 17 18 19 20 21 22 23 24 25 26 27 28 29 30 31 32 33 34 35 36 37 38 39 40 41 42 43 44 45 46 47 48 49 50 0
1 2 3 4 5 6 7 8 9 10 11 12 13 14 15 16 17 18 19 20 21 22 23 24 25 26 27 28 29 30 31 32 33 34 35 36 37 38 39 40 41 42 43 44 45 46 47 48 49 50 0
1 2 3 4 5 6 7 8 9 10 11 12 13 14 15 16 17 18 19 20 21 22 23 24 25 26 27 28 29 30 31 32 33 34 35 36 37 38 39 40 41 42 43 44 45 46 47 48 49 50 0

51
2 4 5 6 9 13 14 15 16 17 18 19 20 22 23 25 26 28 29 30 31 35 37 39 40 42 45 46 47 48 49 0
4 5 6 8 11 12 13 17 20 28 30 31 34 35 36 39 45 46 47 0
2 3 4 6 7 8 15 16 19 20 23 29 34 39 41 42 43 44 45 48 50 0
1 2 3 16 17 19 20 22 23 25 28 30 35 37 39 0
2 3 4 5 6 8 11 14 17 19 21 25 26 27 29 32 38 43 44 45 0
3 9 15 19 21 22 23 25 27 30 32 34 36 37 38 41 43 49 50 0
2 9 14 15 25 26 27 28 29 30 36 37 38 40 43 47 50 0
3 4 5 10 14 17 18 20 21 22 23 27 28 30 31 35 36 37 41 43 45 47 49 0
1 4 5 9 13 14 17 18 19 20 22 24 25 26 27 28 30 37 41 42 43 44 46 47 49 0

52
1 2 5 6 7 8 9 12 13 14 15 16 18 20 21 22 25 26 27 28 29 30 32 35 37 40 41 43 44 46 47 48 0
1 3 6 8 11 15 18 20 26 27 30 31 34 35 36 41 45 46 47 0
1 2 3 5 6 7 8 10 13 15 16 18 19 20 21 23 25 29 31 32 34 36 37 39 40 41 42 43 45 46 47 48 49 0
1 2 3 5 9 11 12 16 17 19 20 22 23 24 25 26 28 29 30 31 35 37 38 39 40 42 43 44 45 46 48 50 0
1 2 3 4 5 6 7 8 10 11 14 16 17 18 19 23 24 25 26 27 29 31 32 34 37 38 39 41 43 44 45 47 48 49 0
1 2 3 4 9 11 14 15 19 21 22 23 24 25 26 27 29 30 32 34 36 37 38 39 40 43 45 46 48 49 50 0
2 4 8 9 10 11 12 14 15 17 18 20 22 23 24 25 26 27 28 29 30 31 36 37 38 39 47 0
3 4 5 10 14 17 18 20 21 22 23 25 27 28 30 31 34 35 36 37 39 41 43 45 47 48 49 0
1 4 5 6 7 9 13 14 17 18 19 20 22 24 25 26 27 28 29 30 35 37 41 42 43 44 45 46 47 49 0

53
1 2 3 5 6 7 14 18 20 21 22 29 33 34 36 41 44 50 0
6 8 10 11 16 31 41 44 45 46 0
7 8 15 19 20 23 29 34 39 41 42 43 45 50 0
1 2 3 16 19 20 22 23 25 26 28 30 35 37 39 0
2 3 4 5 6 8 11 14 16 17 19 21 25 26 27 29 32 34 38 43 44 45 48 0
1 3 9 15 19 21 22 23 25 27 30 32 34 36 37 38 43 46 49 50 0
2 4 9 10 11 14 15 18 25 26 27 28 29 30 36 37 38 40 43 47 50 0
3 4 5 10 14 17 18 20 21 22 23 27 28 30 31 35 36 37 39 41 43 45 47 49 0
1 4 5 6 7 9 13 14 17 18 19 20 22 24 25 26 27 28 29 30 37 41 42 43 44 45 46 47 49 0

54
1 5 6 7 13 14 15 17 18 20 22 26 28 29 30 32 35 40 41 43 44 46 0
3 6 7 8 11 15 18 20 22 23 24 25 26 29 31 34 35 41 44 45 46 47 48 0
1 6 7 8 10 13 15 18 19 20 23 25 29 31 32 34 37 39 40 41 42 43 45 46 47 48 49 50 0
1 2 3 5 9 16 17 19 20 22 23 25 26 28 29 30 31 35 37 39 40 43 0
2 3 4 5 6 8 11 14 16 17 19 21 23 25 26 27 29 32 34 37 38 39 41 43 44 45 48 0
1 3 4 9 15 19 21 22 23 24 25 27 30 32 34 36 37 38 43 46 49 50 0
2 4 8 9 10 11 14 15 18 22 23 25 26 27 28 29 30 31 36 37 38 40 43 47 50 0
3 4 5 10 14 17 18 20 21 22 23 25 27 28 30 31 35 36 37 39 41 43 45 47 49 0
1 4 5 6 7 9 13 14 17 18 19 20 22 24 25 26 27 28 29 30 37 41 42 43 44 45 46 47 49 0

55
2 5 6 8 9 13 14 16 18 19 22 23 24 25 26 28 30 32 35 37 38 40 41 43 45 46 47 0
3 4 5 6 8 11 12 13 16 17 20 21 22 28 31 34 35 36 39 45 46 47 48 49 0
2 3 4 6 7 8 14 15 16 19 20 21 23 27 29 31 32 34 37 38 39 41 42 43 44 45 46 47 48 49 50 0
1 2 3 5 16 17 19 20 21 22 23 25 28 29 30 35 36 37 38 39 50 0
2 3 4 5 6 8 11 14 17 19 21 25 26 27 29 32 34 38 43 44 45 48 0
3 9 15 19 21 22 23 25 27 30 32 34 36 37 38 41 43 49 50 0
2 4 9 10 14 15 18 25 26 27 28 29 30 36 37 38 40 43 47 50 0
3 4 5 10 14 17 18 20 21 22 23 27 28 30 31 35 36 37 41 43 45 47 49 0
1 4 5 9 13 14 17 18 19 20 22 24 25 26 27 28 30 37 41 42 43 44 46 47 49 0

56
2 4 5 8 9 10 11 12 14 15 17 18 19 22 23 25 27 29 30 31 32 35 37 38 39 40 41 42 43 44 49 50 0
4 6 8 11 13 14 17 20 24 27 31 32 34 38 39 41 43 45 46 49 0
4 8 12 15 17 19 20 23 29 34 39 41 42 43 45 50 0
1 2 3 7 16 17 19 21 23 25 28 30 35 36 37 39 0
2 3 4 5 6 8 11 14 16 17 19 21 25 26 27 29 32 38 42 43 44 45 0
3 9 15 20 21 22 23 25 27 30 32 34 36 37 38 43 49 50 0
2 3 5 9 10 14 15 19 25 26 27 28 29 30 36 37 38 40 43 47 50 0
3 4 5 10 14 17 18 20 21 22 23 24 27 28 30 31 35 36 37 41 43 45 47 49 0
1 4 5 9 13 14 17 18 19 20 22 24 25 26 27 28 30 37 41 43 44 46 47 49 0

57
1 2 4 6 9 10 12 14 16 17 18 19 21 22 25 26 27 28 29 30 32 35 37 39 40 42 43 45 47 48 49 0
5 6 8 11 20 31 34 35 36 41 45 46 49 0
4 8 15 19 20 23 29 34 39 41 42 43 45 50 0
1 2 3 7 16 17 19 23 25 28 30 35 37 39 0
2 3 4 5 6 8 11 14 16 17 19 21 25 26 27 29 32 38 43 44 45 0
3 9 15 20 21 22 23 25 27 30 32 34 36 37 38 43 49 50 0
2 9 10 14 15 25 26 27 28 29 30 36 37 38 40 43 47 50 0
3 4 5 10 14 17 18 20 21 22 23 27 28 30 31 35 36 37 41 43 45 47 49 0
1 4 5 9 13 14 17 18 19 20 22 24 25 26 27 28 30 37 41 43 44 46 47 49 0

58
1 2 4 5 8 9 10 11 12 14 16 18 19 21 22 23 24 25 28 30 31 35 36 37 38 39 41 42 43 45 47 48 49 0
4 6 8 9 11 13 14 15 17 19 20 21 31 32 33 34 35 36 38 39 40 41 43 45 46 49 50 0
4 8 9 11 12 15 19 20 23 29 34 38 39 41 42 43 45 50 0
1 2 3 7 14 16 17 19 21 23 25 28 30 35 36 37 39 0
2 3 4 5 6 8 11 14 16 17 19 21 25 26 27 29 32 38 42 43 44 45 0
3 9 10 15 20 21 22 23 25 27 30 32 34 36 37 38 43 49 50 0
2 3 5 9 10 14 15 19 25 26 27 28 29 30 36 37 38 40 43 47 50 0
3 4 5 10 14 17 18 20 21 22 23 24 27 28 30 31 35 36 37 41 43 45 47 49 0
1 4 5 9 14 17 18 19 20 22 24 25 26 27 28 30 37 41 43 44 46 47 49 0

59
1 2 5 6 8 9 13 14 15 16 17 19 25 26 28 29 30 35 36 37 39 40 41 45 46 47 48 0
4 5 6 8 11 12 13 20 28 30 31 34 35 36 39 41 45 46 47 0
4 6 7 8 15 19 20 23 29 34 39 41 42 43 45 0
1 2 3 16 17 19 22 23 25 28 30 35 37 39 0
2 3 4 5 6 8 11 14 17 19 21 25 26 27 29 32 38 43 44 45 0
3 9 15 21 22 23 25 27 30 32 34 36 37 38 41 43 49 50 0
2 9 14 15 25 26 27 28 29 30 36 37 38 40 43 47 50 0
3 4 5 10 14 17 18 20 21 22 23 27 28 30 31 35 36 37 41 43 45 47 49 0
1 4 5 9 13 14 17 18 19 20 22 24 25 26 27 28 30 37 41 43 44 46 47 49 0

60
1 2 5 6 9 11 13 14 15 16 17 18 19 25 26 28 30 31 35 37 39 40 41 42 44 45 46 47 48 49 0
4 5 6 8 11 12 13 17 20 28 30 31 34 35 39 45 46 47 0
4 6 7 8 15 19 20 23 29 34 39 41 42 43 45 0
1 2 3 16 17 19 22 23 25 28 30 35 37 39 0
2 3 4 5 6 8 11 14 17 19 21 25 26 27 29 32 38 43 44 45 0
3 9 15 21 22 23 25 27 30 32 34 36 37 38 41 43 49 50 0
2 9 10 14 15 25 26 27 28 29 30 36 37 38 40 43 47 50 0
3 4 5 10 14 17 18 20 21 22 23 27 28 30 31 35 36 37 41 43 45 47 49 0
1 4 5 9 13 14 17 18 19 20 22 24 25 26 27 28 30 37 41 43 44 46 47 49 0

61
2 5 6 9 11 13 14 15 16 17 18 19 22 25 26 28 29 30 31 33 34 35 39 40 42 44 45 46 47 48 49 0
3 4 5 6 8 11 12 13 14 16 17 20 21 22 28 30 31 34 35 39 45 46 47 0
2 3 4 6 7 8 14 15 16 19 20 21 23 29 31 34 37 38 39 40 41 42 43 44 45 46 47 48 0
1 2 3 16 17 19 20 23 25 28 29 30 35 37 39 0
2 3 4 5 6 8 11 14 17 19 21 25 26 27 29 38 43 44 45 0
3 9 15 19 21 22 23 25 27 30 32 34 36 37 38 43 49 50 0
2 4 9 14 15 18 25 26 27 28 29 30 36 37 38 40 43 47 50 0
3 4 5 10 14 17 18 20 21 22 23 27 28 30 31 35 36 37 39 41 43 45 47 49 0
1 4 5 7 9 13 14 17 18 19 20 22 24 25 26 27 28 30 37 41 42 43 44 46 47 49 0

62
1 2 3 4 5 6 7 10 12 13 15 18 19 21 22 25 26 30 32 33 35 36 37 40 41 43 44 45 46 48 49 0
5 6 8 11 13 18 19 20 24 31 34 35 36 41 45 46 47 0
4 7 8 15 19 20 23 27 31 32 34 39 41 42 45 50 0
1 2 3 9 16 17 19 23 25 28 30 35 37 39 0
2 3 4 5 6 8 11 14 16 17 19 21 25 26 27 29 32 38 43 44 45 48 0
1 3 9 15 21 22 23 25 27 30 32 34 36 37 38 41 43 49 50 0
2 4 9 10 14 15 25 26 27 28 29 30 36 37 38 40 43 47 50 0
3 4 5 10 14 17 18 20 21 22 23 27 28 30 31 35 36 37 41 43 45 47 49 0
1 4 5 9 13 14 17 18 19 20 22 24 25 26 27 28 30 37 41 42 43 44 46 47 49 0

63
2 3 4 5 6 7 11 12 13 17 19 25 26 31 36 37 40 42 45 46 48 0
6 8 11 20 24 31 34 35 36 41 45 46 0
7 8 15 19 20 23 29 34 39 41 42 43 45 0
1 2 3 16 17 19 23 25 28 30 35 37 39 0
2 3 4 5 6 8 11 14 17 19 21 25 26 27 29 32 38 43 44 45 0
1 3 9 15 19 21 22 23 25 27 30 32 34 36 37 38 43 46 49 50 0
2 4 9 11 14 15 18 25 26 27 28 29 30 36 37 38 40 43 47 50 0
3 4 5 10 14 17 18 20 21 22 23 27 28 30 31 35 36 37 39 41 43 45 47 49 0
1 4 5 7 9 13 14 17 18 19 20 22 24 25 26 27 28 29 30 37 41 42 43 44 46 47 49 0

64
2 3 5 6 7 9 10 12 13 14 15 16 19 22 25 26 28 30 31 32 35 40 41 43 45 46 47 49 50 0
3 4 5 6 8 11 12 13 17 20 22 24 28 31 34 35 36 39 41 45 46 47 49 0
2 3 4 6 7 8 13 15 16 19 20 21 23 29 31 32 34 39 41 42 43 44 46 47 48 49 50 0
1 2 3 5 16 17 19 20 22 23 25 28 29 30 31 35 36 37 39 50 0
2 3 4 5 6 8 11 14 17 19 21 25 26 27 29 32 34 38 43 44 45 48 0
3 9 15 21 22 23 25 27 30 32 34 36 37 38 41 43 49 50 0
2 9 14 15 25 26 27 28 29 30 36 37 38 40 43 47 50 0
3 4 5 10 14 17 18 20 21 22 23 27 28 30 31 35 36 37 41 43 45 47 49 0
1 4 5 9 13 14 17 18 19 20 22 24 25 26 27 28 30 37 41 43 44 46 47 49 0

65
1 2 4 5 6 7 12 14 17 18 20 21 22 23 26 30 31 32 33 34 37 41 43 44 48 49 0
6 8 10 11 16 29 31 34 41 45 46 0
7 8 15 19 20 23 29 34 39 41 42 43 45 50 0
1 2 3 16 19 22 23 25 28 30 35 37 39 0
2 3 4 5 6 8 11 14 16 17 19 21 25 26 27 29 32 38 43 44 45 0
1 3 9 15 19 21 22 23 25 27 30 32 34 36 37 38 43 46 49 50 0
2 4 9 10 11 14 15 18 25 26 27 28 29 30 36 37 38 40 43 47 50 0
3 4 5 10 14 17 18 20 21 22 23 27 28 30 31 35 36 37 39 41 43 45 47 49 0
1 4 5 6 7 9 13 14 17 18 19 20 22 24 25 26 27 28 29 30 37 41 42 43 44 45 46 47 49 0

66
2 3 5 6 9 11 12 13 14 15 16 17 18 19 22 25 26 27 28 32 35 37 39 41 42 43 44 45 46 47 48 49 0
3 4 5 6 8 11 12 13 15 20 24 30 31 34 35 36 39 45 46 47 49 0
2 3 4 6 7 8 13 15 16 19 20 23 27 29 31 32 34 39 41 42 43 45 47 48 50 0
1 2 3 16 17 19 20 23 25 28 30 35 37 39 0
2 3 4 5 6 8 11 14 16 17 19 21 25 26 27 29 32 38 43 44 45 0
1 3 9 15 19 21 22 23 25 27 30 32 34 36 37 38 43 46 49 50 0
2 4 9 10 11 14 15 18 25 26 27 28 29 30 36 37 38 40 43 47 50 0
3 4 5 10 14 17 18 20 21 22 23 27 28 30 31 35 36 37 39 41 43 45 47 49 0
1 4 5 7 9 13 14 17 18 19 20 22 24 25 26 27 28 29 30 37 41 42 43 44 46 47 49 0

67
1 2 3 5 6 9 10 12 14 15 16 19 20 25 26 27 28 29 30 32 34 35 36 37 39 40 43 45 46 47 49 0
3 4 5 6 8 11 12 13 14 15 16 17 20 21 22 28 30 31 34 35 39 45 46 47 48 49 0
2 3 4 6 7 8 14 15 16 19 20 23 29 31 34 37 38 39 40 41 42 43 44 45 46 47 48 0
1 2 3 16 17 19 20 22 23 25 28 30 35 37 39 0
2 3 4 5 6 8 11 14 17 19 21 25 26 27 29 32 38 43 44 45 0
3 9 15 19 21 22 23 25 27 30 32 34 36 37 38 43 49 50 0
2 4 9 10 14 15 18 25 26 27 28 29 30 36 37 38 40 43 47 50 0
3 4 5 10 14 17 18 20 21 22 23 27 28 30 31 35 36 37 41 43 45 47 49 0
1 4 5 7 9 13 14 17 18 19 20 22 24 25 26 27 28 30 37 41 42 43 44 46 47 49 0

68
1 2 5 6 7 8 10 11 12 13 14 15 17 19 21 23 24 25 26 27 28 29 30 31 32 34 35 36 37 38 41 43 45 46 48 49 50 0
2 4 6 8 11 12 14 17 18 19 20 24 28 30 31 32 34 35 36 39 46 47 49 0
8 12 15 19 20 23 27 29 34 39 41 42 43 0
1 2 3 7 16 17 19 23 25 28 35 37 39 0
2 3 4 5 6 8 11 14 16 17 19 21 25 26 27 29 32 34 38 42 43 44 45 48 0
3 9 15 20 21 22 23 25 27 30 32 34 36 37 38 43 49 50 0
2 3 9 10 14 15 19 25 26 27 28 29 30 36 37 38 40 43 47 50 0
3 4 5 10 14 17 18 20 21 22 23 24 27 28 30 31 35 36 37 41 43 45 47 49 0
1 4 5 9 13 14 17 18 19 20 22 24 25 26 27 28 30 37 41 43 44 46 47 49 0

69
2 4 5 6 8 10 12 14 15 16 17 19 21 22 23 25 29 30 31 35 36 37 38 39 40 41 42 43 45 46 47 48 0
4 5 6 8 11 12 17 20 31 34 41 45 46 49 0
4 8 12 15 19 20 23 27 29 34 39 41 42 43 45 50 0
1 2 3 7 16 17 19 23 25 28 30 35 36 37 39 0
2 3 4 5 6 8 11 14 16 17 19 21 25 26 27 29 32 38 42 43 44 45 0
3 9 15 19 20 21 22 23 25 27 30 32 34 36 37 38 43 49 50 0
2 3 4 9 10 14 15 19 25 26 27 28 29 30 36 37 38 40 43 47 50 0
3 4 5 10 14 17 18 20 21 22 23 24 27 28 30 31 35 36 37 41 43 45 47 49 0
1 4 5 9 13 14 17 18 19 20 22 24 25 26 27 28 30 37 41 42 43 44 46 47 49 0

70
1 3 5 6 9 10 11 12 13 14 15 16 17 19 21 24 25 28 29 30 31 32 36 37 38 41 42 43 44 47 48 0
4 5 6 7 8 11 13 14 17 19 21 22 24 28 30 31 32 33 35 37 39 41 43 46 47 48 0
4 8 11 12 15 16 17 19 20 23 29 30 34 39 41 42 43 45 50 0
1 2 3 7 14 16 17 19 21 23 25 28 30 35 36 37 39 0
2 3 4 5 6 8 11 14 16 17 19 25 26 27 29 32 38 42 43 44 45 0
3 9 10 15 19 20 21 22 23 25 27 30 32 34 36 37 38 43 49 50 0
2 3 4 5 9 10 14 15 18 19 25 26 27 28 29 30 36 37 38 40 43 46 47 48 50 0
3 4 5 10 14 17 18 20 21 22 23 24 27 28 30 31 35 36 37 41 43 45 47 49 0
1 4 5 9 14 17 18 19 20 22 24 25 26 27 28 30 37 41 42 43 44 46 47 49 0

71
2 3 5 6 9 10 13 14 16 18 19 22 24 25 26 27 28 34 35 36 37 39 40 42 45 46 47 49 0
4 5 6 8 10 11 12 13 14 16 17 20 26 28 30 31 34 35 39 45 46 47 48 0
2 3 6 8 15 16 19 20 22 23 29 34 37 39 41 42 43 44 45 46 48 0
1 2 3 16 19 20 23 25 28 30 35 37 39 0
2 3 4 5 6 8 11 14 17 19 21 25 26 27 29 32 38 43 44 45 0
1 3 9 15 19 21 22 23 25 27 30 32 34 36 37 38 43 46 49 50 0
2 4 9 11 14 15 18 25 26 27 28 29 30 36 37 38 40 43 47 50 0
3 4 5 10 14 17 18 20 21 22 23 27 28 30 31 35 36 37 39 41 43 45 47 49 0
1 4 5 6 7 9 13 14 17 18 19 20 22 24 25 26 27 28 29 30 37 41 42 43 44 45 46 47 49 0

72
1 2 3 4 5 6 7 9 10 11 14 15 16 18 19 20 22 24 25 26 28 29 30 34 35 36 37 39 40 41 43 45 46 47 49 0
4 5 6 8 10 11 12 13 14 16 17 19 20 21 22 26 28 30 31 34 39 45 46 47 0
2 3 6 7 8 14 15 16 19 20 22 23 29 31 34 37 38 39 40 41 42 43 44 45 46 47 48 0
1 2 3 16 17 19 20 22 23 25 28 30 35 37 39 0
2 3 4 5 6 8 11 14 17 19 21 25 26 27 29 32 38 43 44 45 0
3 9 15 19 21 22 23 25 27 30 32 34 36 37 38 43 49 50 0
2 4 9 11 14 15 18 25 26 27 28 29 30 36 37 38 40 43 47 50 0
3 4 5 10 14 17 18 20 21 22 23 27 28 30 31 35 36 37 39 41 43 45 47 49 0
1 4 5 7 9 13 14 17 18 19 20 22 24 25 26 27 28 30 37 41 42 43 44 46 47 49 0

73
2 3 5 6 9 10 12 13 14 15 16 19 21 22 24 25 26 28 29 30 34 35 36 37 39 40 44 45 46 47 49 0
3 4 5 6 8 11 12 13 14 16 17 20 21 28 30 31 34 35 39 45 46 47 48 0
1 2 3 6 8 14 15 16 19 20 21 22 23 29 31 34 37 38 39 40 41 42 43 44 45 46 47 48 0
1 2 3 12 16 17 19 20 21 22 23 25 28 29 30 35 37 39 0
2 3 4 5 6 8 11 14 17 19 21 25 26 27 29 32 34 38 43 44 45 0
1 3 9 15 19 21 22 23 25 27 30 32 34 36 37 38 43 46 49 50 0
2 4 9 10 11 14 15 18 25 26 27 28 29 30 36 37 38 40 43 47 50 0
3 4 5 10 14 17 18 20 21 22 23 27 28 30 31 35 36 37 39 41 43 45 47 49 0
1 4 5 6 7 9 13 14 17 18 19 20 22 24 25 26 27 28 29 30 37 41 42 43 44 45 46 47 49 0

74
1 2 5 8 10 12 14 15 16 18 19 21 22 24 25 26 30 31 35 36 38 41 45 47 48 0
4 5 6 8 11 14 20 31 34 35 36 41 45 46 49 0
4 8 12 15 19 20 23 29 34 39 41 42 43 45 50 0
1 2 3 7 16 17 19 23 25 28 30 35 36 37 39 0
2 3 4 5 6 8 11 14 16 17 19 21 25 26 27 29 32 38 42 43 44 45 0
3 9 15 20 21 22 23 25 27 30 32 34 36 37 38 43 49 50 0
2 9 10 14 15 25 26 27 28 29 30 36 37 38 40 43 47 50 0
3 4 5 10 14 17 18 20 21 22 23 27 28 30 31 35 36 37 41 43 45 47 49 0
1 4 5 9 13 14 17 18 19 20 22 24 25 26 27 28 30 37 41 43 44 46 47 49 0

75
2 3 5 6 8 10 15 19 20 21 22 25 30 31 35 36 37 39 42 44 45 48 49 0
2 4 5 6 8 11 12 14 19 21 31 34 35 41 45 46 49 0
4 8 12 15 19 20 23 27 29 34 39 41 42 43 45 50 0
1 2 3 7 16 17 19 23 25 28 30 35 36 37 39 0
2 3 4 5 6 8 11 14 16 17 19 21 25 26 27 29 32 38 42 43 44 45 0
3 9 15 20 21 22 23 25 27 30 32 34 36 37 38 43 49 50 0
2 3 9 10 14 15 19 25 26 27 28 29 30 36 37 38 40 43 47 50 0
3 4 5 10 14 17 18 20 21 22 23 24 27 28 30 31 35 36 37 41 43 45 47 49 0
1 4 5 9 13 14 17 18 19 20 22 24 25 26 27 28 30 37 41 42 43 44 46 47 49 0

76
1 2 5 6 8 9 10 12 13 14 16 18 19 20 22 23 25 26 28 29 31 35 37 38 39 40 44 45 46 47 48 0
4 5 6 8 11 12 13 20 30 31 34 35 39 45 46 47 0
4 7 8 15 19 20 23 29 34 39 41 42 43 45 50 0
1 2 3 16 17 19 22 23 25 28 30 35 37 39 0
2 3 4 5 6 8 11 14 17 19 21 25 26 27 29 32 38 43 44 45 0
3 9 15 21 22 23 25 27 30 32 34 36 37 38 41 43 49 50 0
2 9 10 14 15 25 26 27 28 29 30 36 37 38 40 43 47 50 0
3 4 5 10 14 17 18 20 21 22 23 27 28 30 31 35 36 37 41 43 45 47 49 0
1 4 5 9 13 14 17 18 19 20 22 24 25 26 27 28 30 37 41 42 43 44 46 47 49 0

77
2 3 4 5 6 7 17 18 19 26 36 37 45 46 48 0
5 6 8 11 16 20 24 25 31 34 36 44 45 46 49 0
6 7 8 15 19 20 23 29 31 32 34 39 41 42 43 45 0
1 2 3 16 19 23 25 28 30 35 37 39 0
2 3 4 5 6 8 11 14 17 19 21 25 26 27 29 32 38 43 44 45 0
1 3 9 15 19 21 22 23 25 27 30 32 34 36 37 38 43 46 49 50 0
2 4 9 11 14 15 18 25 26 27 28 29 30 36 37 38 40 43 47 50 0
3 4 5 10 14 17 18 20 21 22 23 27 28 30 31 35 36 37 39 41 43 45 47 49 0
1 4 5 6 7 9 13 14 17 18 19 20 22 24 25 26 27 28 29 30 37 41 42 43 44 45 46 47 49 0

78
1 2 5 6 7 12 13 14 17 18 20 21 22 23 26 28 29 30 32 35 37 41 43 46 0
6 8 11 20 24 31 34 41 45 46 47 0
7 8 15 19 20 23 29 34 39 41 42 43 45 50 0
1 2 3 16 19 22 23 25 28 30 35 37 39 0
2 3 4 5 6 8 11 14 16 17 19 21 25 26 27 29 32 38 43 44 45 0
1 3 9 15 19 21 22 23 25 27 30 32 34 36 37 38 43 46 49 50 0
2 4 9 10 11 14 15 18 25 26 27 28 29 30 36 37 38 40 43 47 50 0
3 4 5 10 14 17 18 20 21 22 23 27 28 30 31 35 36 37 39 41 43 45 47 49 0
1 4 5 6 7 9 13 14 17 18 19 20 22 24 25 26 27 28 29 30 37 41 42 43 44 45 46 47 49 0

79
2 4 5 6 9 10 11 17 18 19 22 25 26 29 34 35 36 37 41 45 0
4 5 6 8 11 12 14 16 17 20 21 22 28 30 31 34 36 45 46 49 0
2 4 6 7 8 15 19 20 23 31 32 34 39 41 42 43 44 45 46 0
1 2 3 7 9 16 17 19 20 23 25 28 30 35 37 39 0
2 3 4 5 6 8 11 14 17 19 21 25 26 27 29 32 38 43 44 45 0
1 3 9 15 19 21 22 23 25 27 30 32 34 36 37 38 43 46 49 50 0
2 4 9 11 14 15 18 25 26 27 28 29 30 36 37 38 40 43 47 50 0
3 4 5 10 14 17 18 20 21 22 23 27 28 30 31 35 36 37 39 41 43 45 47 49 0
1 4 5 6 7 9 13 14 17 18 19 20 22 24 25 26 27 28 29 30 37 41 42 43 44 45 46 47 49 0

80
1 3 5 8 9 10 11 12 13 14 15 16 17 18 19 21 24 25 26 27 28 29 30 31 32 33 35 37 38 39 41 42 49 0
1 4 5 6 7 8 9 11 17 18 19 24 27 28 30 31 32 33 34 35 36 38 39 41 42 43 46 49 50 0
3 4 8 9 11 12 15 16 17 19 20 23 27 30 34 38 39 41 42 43 45 50 0
1 2 3 7 14 16 17 19 21 23 25 28 30 35 36 37 39 0
2 3 4 5 6 8 11 14 16 17 19 25 26 27 29 32 38 42 43 44 45 0
3 9 10 15 20 21 22 23 25 27 30 32 34 36 37 38 43 49 50 0
2 3 5 9 10 14 15 19 25 26 27 28 29 30 36 37 38 40 43 46 47 48 50 0
3 4 5 10 14 17 18 20 21 22 23 24 27 28 30 31 35 36 37 41 43 45 47 49 0
1 4 5 9 14 17 18 19 20 22 24 25 26 27 28 30 37 41 42 43 44 46 47 49 0

81
2 4 5 8 9 12 14 15 16 17 19 20 21 22 23 25 28 29 30 31 36 37 38 39 40 41 42 43 44 45 47 48 49 0
6 8 11 12 13 17 20 31 34 41 45 46 49 0
4 8 15 19 20 23 29 34 39 41 42 43 45 50 0
1 2 3 7 16 17 19 23 25 28 30 35 36 37 39 0
2 3 4 5 6 8 11 14 16 17 19 21 25 26 27 29 32 38 42 43 44 45 0
3 9 15 20 21 22 23 25 27 30 32 34 36 37 38 43 49 50 0
2 4 9 10 14 15 19 25 26 27 28 29 30 36 37 38 40 43 47 50 0
3 4 5 10 14 17 18 20 21 22 23 27 28 30 31 35 36 37 41 43 45 47 49 0
1 4 5 9 13 14 17 18 19 20 22 24 25 26 27 28 30 37 41 42 43 44 46 47 49 0

82
1 2 4 5 6 8 10 11 12 13 14 16 17 18 19 20 23 27 29 30 31 32 33 34 35 37 38 39 40 41 42 43 45 47 49 50 0
4 6 7 8 9 11 13 14 17 19 20 21 23 27 28 31 32 33 34 38 39 40 41 42 43 45 46 49 50 0
8 9 11 12 15 17 19 20 23 27 34 39 41 42 43 45 50 0
1 2 3 7 16 17 19 21 23 25 28 30 35 36 37 39 0
2 3 4 5 6 8 11 14 16 17 19 21 25 26 27 29 32 38 42 43 44 45 0
3 9 10 15 20 21 22 23 25 27 30 32 34 36 37 38 43 49 50 0
2 3 5 9 10 14 15 19 25 26 27 28 29 30 36 37 38 40 43 47 50 0
3 4 5 10 14 17 18 20 21 22 23 24 27 28 30 31 35 36 37 41 43 45 47 49 0
1 4 5 9 14 17 18 19 20 22 24 25 26 27 28 30 37 41 43 44 46 47 49 0

83
2 3 5 9 11 12 13 14 15 16 17 18 19 25 26 27 28 30 31 32 34 35 37 39 40 42 44 45 46 47 48 49 0
4 5 6 8 11 12 13 14 15 16 17 20 21 22 28 30 31 34 35 36 39 45 46 47 49 0
2 3 4 6 7 8 12 14 15 16 19 20 21 23 29 31 32 34 37 38 39 40 41 42 43 44 45 46 47 48 49 50 0
1 2 3 5 12 16 17 19 20 21 23 24 25 26 28 29 30 31 35 36 37 38 39 43 50 0
2 3 4 5 6 8 11 14 17 19 21 25 26 27 29 32 34 38 43 44 45 48 0
3 9 15 19 21 22 23 25 27 30 32 34 36 37 38 43 49 50 0
2 4 9 11 14 15 18 25 26 27 28 29 30 36 37 38 40 43 47 50 0
3 4 5 10 14 17 18 20 21 22 23 27 28 30 31 35 36 37 39 41 43 45 47 49 0
1 4 5 7 9 13 14 17 18 19 20 22 24 25 26 27 28 29 30 37 41 42 43 44 46 47 49 0

84
1 2 5 6 8 9 10 11 12 14 16 17 18 19 20 21 26 28 29 30 31 32 35 36 37 38 40 42 43 45 47 48 49 50 0
4 5 6 8 11 12 13 14 16 19 31 34 35 36 38 41 45 46 49 0
4 8 12 15 19 20 23 27 29 34 39 41 42 43 45 50 0
1 2 3 7 16 17 19 23 25 28 30 35 36 37 39 0
2 3 4 5 6 8 11 14 16 17 19 21 25 26 27 29 32 38 42 43 44 45 0
3 9 15 20 21 22 23 25 27 30 32 34 36 37 38 43 49 50 0
2 3 9 10 14 15 19 25 26 27 28 29 30 36 37 38 40 43 47 50 0
3 4 5 10 14 17 18 20 21 22 23 24 27 28 30 31 35 36 37 41 43 45 47 49 0
1 4 5 9 13 14 17 18 19 20 22 24 25 26 27 28 30 37 41 43 44 46 47 49 0

85
1 2 5 6 7 12 13 14 18 21 22 23 26 28 30 31 32 40 41 43 44 49 0
3 6 7 8 11 15 20 22 24 25 31 34 35 37 41 44 45 46 47 0
7 8 13 15 19 20 23 29 31 32 34 36 39 41 42 43 45 49 50 0
1 2 3 16 17 19 22 23 25 28 30 35 37 39 0
2 3 4 5 6 8 11 14 16 17 19 21 25 26 27 29 32 38 43 44 45 48 0
1 3 9 15 19 21 22 23 25 27 30 32 34 36 37 38 43 46 49 50 0
2 4 9 10 11 14 15 18 25 26 27 28 29 30 36 37 38 40 43 47 50 0
3 4 5 10 14 17 18 20 21 22 23 27 28 30 31 35 36 37 39 41 43 45 47 49 0
1 4 5 6 7 9 13 14 17 18 19 20 22 24 25 26 27 28 29 30 37 41 42 43 44 45 46 47 49 0

86
1 2 3 4 5 6 7 8 9 10 12 13 14 15 16 17 18 19 21 22 25 26 28 29 32 35 36 39 40 41 42 43 45 46 47 48 0
3 4 5 6 8 11 12 13 20 23 24 28 30 31 34 35 36 39 41 43 45 46 47 49 0
2 3 4 6 7 8 11 13 14 15 16 19 20 21 23 27 29 31 32 34 37 38 39 40 41 42 43 47 48 49 50 0
1 2 3 5 16 17 19 20 22 23 26 28 29 30 31 35 36 37 38 39 50 0
2 3 4 5 6 8 11 14 17 19 21 25 26 27 29 32 34 38 43 44 45 48 0
1 3 9 15 19 21 22 23 25 27 30 32 34 36 37 38 41 43 49 50 0
2 4 9 10 14 15 25 26 27 28 29 30 36 37 38 40 43 47 50 0
3 4 5 10 14 17 18 20 21 22 23 27 28 30 31 35 36 37 41 43 45 47 49 0
1 4 5 9 13 14 17 18 19 20 22 24 25 26 27 28 30 37 41 42 43 44 46 47 49 0

87
2 3 5 6 7 8 9 10 11 12 13 14 16 19 20 21 25 26 28 29 30 31 32 33 34 35 36 37 38 41 42 43 44 45 47 48 49 0
1 4 5 6 8 9 11 12 13 14 16 17 19 20 21 22 28 30 31 32 33 34 35 39 41 45 46 49 0
3 4 8 11 12 15 16 17 19 20 23 29 34 38 39 41 42 43 45 50 0
1 2 3 7 14 16 17 19 21 23 25 28 30 35 36 37 39 0
2 3 4 5 6 8 11 14 16 17 19 25 26 27 29 32 38 42 43 44 45 0
3 9 10 15 19 20 21 22 23 25 27 30 32 34 36 37 38 43 49 50 0
2 3 4 5 9 10 14 15 18 19 25 26 27 28 29 30 36 37 38 40 43 46 47 48 50 0
3 4 5 10 14 17 18 20 21 22 23 24 27 28 30 31 35 36 37 41 43 45 47 49 0
1 4 5 9 14 17 18 19 20 22 24 25 26 27 28 30 37 41 42 43 44 46 47 49 0

88
2 4 5 6 7 8 9 10 12 14 15 17 19 21 25 28 29 30 32 35 36 37 38 40 43 44 45 46 48 49 0
4 6 8 11 14 18 20 24 31 34 35 36 41 43 45 46 47 49 0
8 12 15 19 20 23 27 29 34 39 41 42 43 0
1 2 3 7 16 17 19 23 25 28 35 37 39 0
2 3 4 5 6 8 11 14 16 17 19 21 25 26 27 29 32 34 38 42 43 44 45 48 0
3 9 15 20 21 22 23 25 27 30 32 34 36 37 38 43 49 50 0
2 9 10 14 15 25 26 27 28 29 30 36 37 38 40 43 47 50 0
3 4 5 10 14 17 18 20 21 22 23 27 28 30 31 35 36 37 41 43 45 47 49 0
1 4 5 9 13 14 17 18 19 20 22 24 25 26 27 28 30 37 41 43 44 46 47 49 0

89
1 2 3 4 5 6 7 8 9 10 11 12 13 14 15 16 18 19 21 22 23 24 26 27 28 29 30 31 32 33 34 35 36 37 38 39 40 41 43 45 46 47 48 49 50 0
4 6 8 9 10 11 12 13 14 16 17 19 20 21 24 27 30 31 32 33 34 35 41 42 43 45 46 47 49 50 0
8 9 11 12 15 17 19 20 22 23 24 26 27 29 30 33 34 35 36 38 39 41 42 43 50 0
1 2 3 7 14 16 17 19 21 23 25 28 35 37 39 47 0
2 3 4 5 6 8 11 14 16 17 19 21 25 26 27 29 32 38 42 43 44 45 0
3 9 10 15 20 21 22 23 25 27 30 32 34 36 37 38 43 49 50 0
2 3 5 9 10 14 15 19 25 26 27 28 29 30 36 37 38 40 43 47 50 0
3 4 5 10 14 17 18 20 21 22 23 24 27 28 30 31 35 36 37 41 43 45 47 49 0
1 4 5 9 13 14 17 18 19 20 22 24 25 26 27 28 30 37 41 43 44 46 47 49 0

90
1 2 5 6 8 10 11 12 14 18 19 21 22 23 28 29 30 31 32 35 36 37 38 39 41 42 43 44 47 48 49 0
1 4 5 6 8 9 11 13 14 16 17 19 21 27 30 31 32 33 34 35 36 39 41 42 43 45 46 49 50 0
3 4 8 9 11 12 15 16 17 19 20 23 27 29 30 34 38 39 41 42 43 45 50 0
1 2 3 7 14 16 17 19 21 23 25 28 30 35 36 37 39 0
2 3 4 5 6 8 11 14 16 17 19 25 26 27 29 32 38 42 43 44 45 0
3 9 10 15 20 21 22 23 25 27 30 32 34 36 37 38 43 49 50 0
2 3 5 9 10 14 15 19 25 26 27 28 29 30 36 37 38 40 43 47 50 0
3 4 5 10 14 17 18 20 21 22 23 24 27 28 30 31 35 36 37 41 43 45 47 49 0
1 4 5 9 14 17 18 19 20 22 24 25 26 27 28 30 37 41 43 44 46 47 49 0

91
1 2 3 5 6 9 10 12 13 15 16 18 19 22 25 26 28 29 30 32 35 36 37 39 40 42 43 45 46 47 48 0
5 6 8 11 12 13 20 30 31 34 35 36 39 41 45 46 47 0
4 7 8 15 19 20 23 27 29 34 39 41 42 43 45 50 0
1 2 3 16 17 19 20 23 25 28 30 35 36 37 39 0
2 3 4 5 6 8 11 14 17 19 21 25 26 27 29 32 38 43 44 45 48 0
1 3 9 15 21 22 23 25 27 30 32 34 36 37 38 41 43 49 50 0
2 9 10 14 15 25 26 27 28 29 30 36 37 38 40 43 47 50 0
3 4 5 10 14 17 18 20 21 22 23 27 28 30 31 35 36 37 41 43 45 47 49 0
1 4 5 9 13 14 17 18 19 20 22 24 25 26 27 28 30 37 41 42 43 44 46 47 49 0

92
1 2 4 5 6 7 8 9 12 13 14 16 17 18 19 21 22 25 26 27 28 29 35 37 39 41 44 45 46 47 48 0
3 4 5 6 8 11 12 13 15 17 20 22 26 30 31 34 35 36 39 41 45 46 47 49 0
2 3 4 6 7 8 13 15 16 19 20 21 23 29 31 32 34 39 41 42 43 44 45 47 48 50 0
1 2 3 5 16 17 19 20 23 25 26 28 30 35 37 39 0
2 3 4 5 6 8 11 14 17 19 21 25 26 27 29 32 34 38 43 44 45 48 0
1 3 9 15 19 21 22 23 25 27 30 32 34 36 37 38 43 46 49 50 0
2 4 9 10 11 14 15 18 25 26 27 28 29 30 36 37 38 40 43 47 50 0
3 4 5 10 14 17 18 20 21 22 23 27 28 30 31 35 36 37 39 41 43 45 47 49 0
1 4 5 6 7 9 13 14 17 18 19 20 22 24 25 26 27 28 29 30 37 41 42 43 44 45 46 47 49 0

93
1 2 5 6 7 12 13 14 18 20 21 22 23 26 28 30 31 32 37 40 41 43 0
6 8 11 20 24 31 34 35 36 41 45 46 47 0
8 15 19 20 23 29 34 36 39 41 42 43 45 50 0
1 2 3 16 17 19 22 23 25 28 30 35 37 39 0
2 3 4 5 6 8 11 14 16 17 19 21 25 26 27 29 32 38 43 44 45 0
1 3 9 15 19 21 22 23 25 27 30 32 34 36 37 38 43 46 49 50 0
2 4 9 10 11 14 15 18 25 26 27 28 29 30 36 37 38 40 43 47 50 0
3 4 5 10 14 17 18 20 21 22 23 27 28 30 31 35 36 37 39 41 43 45 47 49 0
1 4 5 7 9 13 14 17 18 19 20 22 24 25 26 27 28 29 30 37 41 42 43 44 46 47 49 0

94
1 2 4 5 6 9 10 11 12 13 14 16 17 18 19 21 22 23 25 27 29 31 32 35 37 38 39 40 41 42 47 48 50 0
4 6 7 8 11 13 14 17 18 20 24 27 28 30 31 32 34 38 39 41 45 46 49 50 0
8 12 15 19 20 23 29 34 39 41 42 43 45 50 0
1 2 3 7 14 16 17 19 21 23 25 28 30 35 36 37 39 0
2 3 4 5 6 8 11 14 16 17 19 21 25 26 27 29 32 38 42 43 44 45 0
3 9 15 20 21 22 23 25 27 30 32 34 36 37 38 43 49 50 0
2 3 5 9 10 14 15 19 25 26 27 28 29 30 36 37 38 40 43 47 50 0
3 4 5 10 14 17 18 20 21 22 23 24 27 28 30 31 35 36 37 41 43 45 47 49 0
1 4 5 9 13 14 17 18 19 20 22 24 25 26 27 28 30 37 41 43 44 46 47 49 0

95
2 3 5 6 9 13 14 15 16 17 18 19 22 25 26 28 29 30 34 35 36 37 39 40 45 46 47 49 0
3 4 5 6 8 11 12 13 14 16 17 19 20 21 22 26 28 30 31 34 35 39 45 46 47 0
2 3 6 8 15 16 19 20 22 23 29 34 39 41 42 43 44 45 48 0
1 2 3 16 19 20 23 25 28 30 35 37 39 0
2 3 4 5 6 8 11 14 17 19 21 25 26 27 29 32 38 43 44 45 0
1 3 9 15 19 21 22 23 25 27 30 32 34 36 37 38 43 46 49 50 0
2 4 9 11 14 15 18 25 26 27 28 29 30 36 37 38 40 43 47 50 0
3 4 5 10 14 17 18 20 21 22 23 27 28 30 31 35 36 37 39 41 43 45 47 49 0
1 4 5 6 7 9 13 14 17 18 19 20 22 24 25 26 27 28 29 30 37 41 42 43 44 45 46 47 49 0

96
2 5 6 10 12 13 14 16 17 19 23 25 26 28 29 31 32 37 38 39 40 41 43 45 46 47 48 0
3 4 5 6 8 11 12 13 17 20 24 28 30 31 34 35 36 39 41 45 46 47 49 0
2 3 4 6 7 8 13 14 15 16 19 20 21 23 27 29 31 32 34 37 39 41 42 43 44 45 47 48 49 50 0
1 2 3 5 16 17 19 20 23 25 28 29 30 31 35 36 37 39 50 0
2 3 4 5 6 8 11 14 17 19 21 25 26 27 29 32 34 38 43 44 45 48 0
3 9 15 19 21 22 23 25 27 30 32 34 36 37 38 41 43 49 50 0
2 4 9 10 14 15 18 25 26 27 28 29 30 36 37 38 40 43 47 50 0
3 4 5 10 14 17 18 20 21 22 23 27 28 30 31 35 36 37 41 43 45 47 49 0
1 4 5 9 13 14 17 18 19 20 22 24 25 26 27 28 30 37 41 42 43 44 46 47 49 0

97
2 4 5 8 10 12 14 15 16 17 18 19 20 21 22 23 24 25 26 27 31 32 35 36 37 38 40 41 47 48 49 0
5 6 8 11 14 17 19 20 21 28 30 31 34 35 36 41 45 46 49 0
4 8 12 15 19 20 23 29 34 39 41 42 43 45 50 0
1 2 3 7 16 17 19 23 25 28 30 35 36 37 39 0
2 3 4 5 6 8 11 14 16 17 19 21 25 26 27 29 32 38 42 43 44 45 0
3 9 15 20 21 22 23 25 27 30 32 34 36 37 38 43 49 50 0
2 3 9 10 14 15 19 25 26 27 28 29 30 36 37 38 40 43 47 50 0
3 4 5 10 14 17 18 20 21 22 23 24 27 28 30 31 35 36 37 41 43 45 47 49 0
1 4 5 9 13 14 17 18 19 20 22 24 25 26 27 28 30 37 41 43 44 46 47 49 0

98
2 3 5 6 8 9 10 12 13 14 15 16 17 19 22 25 26 28 29 30 32 35 36 37 39 40 42 43 45 46 47 48 0
4 5 6 8 11 12 13 20 31 34 35 36 41 45 46 47 0
4 7 8 15 19 20 23 27 34 39 41 42 43 45 50 0
1 2 3 7 9 16 17 19 23 25 28 30 35 37 39 0
2 3 4 5 6 8 11 14 17 19 21 25 26 27 29 32 38 43 44 45 0
3 9 15 21 22 23 25 27 30 32 34 36 37 38 41 43 49 50 0
2 9 14 15 25 26 27 28 29 30 36 37 38 40 43 47 50 0
3 4 5 10 14 17 18 20 21 22 23 27 28 30 31 35 36 37 41 43 45 47 49 0
1 4 5 9 13 14 17 18 19 20 22 24 25 26 27 28 30 37 41 43 44 46 47 49 0

99
1 2 4 5 8 9 10 11 12 13 14 15 16 18 19 20 21 22 26 28 30 31 35 36 37 38 39 40 41 42 43 45 49 50 0
4 6 8 11 14 19 20 27 31 32 34 35 41 45 46 49 50 0
4 8 12 15 19 20 23 29 34 39 41 42 43 45 50 0
1 2 3 7 16 17 19 23 25 28 30 35 36 37 39 0
2 3 4 5 6 8 11 14 16 17 19 21 25 26 27 29 32 38 42 43 44 45 0
3 9 15 20 21 22 23 25 27 30 32 34 36 37 38 43 49 50 0
2 9 10 14 15 25 26 27 28 29 30 36 37 38 40 43 47 50 0
3 4 5 10 14 17 18 20 21 22 23 27 28 30 31 35 36 37 41 43 45 47 49 0
1 4 5 9 13 14 17 18 19 20 22 24 25 26 27 28 30 37 41 43 44 46 47 49 0

100
2 3 4 5 6 7 10 11 12 13 17 19 23 24 26 29 31 35 37 40 43 45 46 48 0
5 6 8 11 17 20 24 28 31 34 35 36 41 45 46 48 49 0
4 6 7 8 13 15 19 20 23 27 29 31 32 34 41 42 43 45 48 49 0
1 2 3 7 9 16 17 19 20 23 25 26 28 30 35 37 39 0
2 3 4 5 6 8 11 14 17 19 21 25 26 27 29 32 34 38 43 44 45 48 0
1 3 9 15 19 21 22 23 25 27 30 32 34 36 37 38 43 46 49 50 0
2 4 9 11 14 15 18 25 26 27 28 29 30 36 37 38 40 43 47 50 0
3 4 5 10 14 17 18 20 21 22 23 27 28 30 31 35 36 37 39 41 43 45 47 49 0
1 4 5 6 7 9 13 14 17 18 19 20 22 24 25 26 27 28 29 30 37 41 42 43 44 45 46 47 49 0

