Dataset size: 100
Number of variables: 784
Limited number of samples: 1
------------------------------------------------------------

sample [1/100]: 0,0,0,0,0,0,0,0,0,0,0,0,0,0,0,0,0,0,0,0,0,0,0,0,0,0,0,0,0,0,0,0,0,0,0,0,0,0,0,0,0,0,0,0,0,0,0,0,0,0,0,0,0,0,0,0,0,0,0,0,0,0,0,0,0,0,0,0,0,0,0,0,0,0,0,0,0,0,0,0,0,0,0,0,0,0,0,0,0,0,0,0,0,0,0,0,0,0,0,0,0,0,0,0,0,0,0,0,0,0,0,0,0,0,0,0,0,0,0,0,0.109804,0.505882,0.627451,0.792157,0.87451,0.984314,0.819608,0.494118,0.196078,0.231373,0.0588235,0,0,0,0,0,0,0,0,0,0,0,0,0,0,0,0,0.32549,0.654902,0.996078,0.909804,0.682353,0.356863,0.466667,0.517647,0.709804,0.858824,0.984314,0.27451,0,0,0,0,0,0,0,0,0,0,0,0,0,0,0,0,0.501961,0.952941,0.482353,0.0980392,0,0,0,0,0,0.0588235,0.607843,0.905882,0.396078,0,0,0,0,0,0,0,0,0,0,0,0,0,0,0,0.0509804,0.0745098,0,0,0,0,0,0,0,0,0.0941176,0.913725,0.333333,0,0,0,0,0,0,0,0,0,0,0,0,0,0,0,0,0,0,0,0,0,0,0,0,0,0.494118,0.996078,0.333333,0,0,0,0,0,0,0,0,0,0,0,0,0,0,0,0,0,0,0,0,0,0,0,0,0,0.819608,0.415686,0.0627451,0,0,0,0,0,0,0,0,0,0,0,0,0,0,0,0,0,0,0,0,0,0,0,0,0.568627,0.964706,0.835294,0,0,0,0,0,0,0,0,0,0,0,0,0,0,0,0,0,0,0,0,0,0,0,0.27451,0.960784,0.996078,0.603922,0.101961,0,0,0,0,0,0,0,0,0,0,0,0,0,0,0,0,0,0,0,0,0,0,0.14902,0.921569,0.996078,0.423529,0.0156863,0,0,0,0,0,0,0,0,0,0,0,0,0,0,0,0,0,0,0,0,0,0,0.12549,0.878431,0.952941,0.490196,0,0,0,0,0,0,0,0,0,0,0,0,0,0,0,0,0,0,0,0,0,0,0,0.145098,0.890196,0.858824,0.329412,0,0,0,0,0,0,0,0,0,0,0,0,0,0,0,0,0,0,0,0,0,0,0,0.152941,0.866667,0.945098,0.658824,0,0,0,0,0,0,0,0,0,0,0,0,0,0,0,0,0,0,0,0,0,0,0,0.0117647,0.705882,0.992157,0.501961,0,0,0,0,0,0,0,0,0,0,0,0,0,0,0,0,0,0,0,0,0,0,0,0,0.541176,0.996078,0.560784,0,0,0,0,0,0,0,0,0,0,0,0,0,0,0,0,0,0,0,0,0,0,0,0,0,0.662745,0.996078,0.25098,0,0,0,0,0,0,0,0,0,0,0,0,0,0,0,0,0,0,0,0,0,0,0,0,0,0.235294,0.964706,0.858824,0.0235294,0,0,0,0,0,0,0,0,0,0,0,0,0,0,0,0,0,0,0,0,0,0,0,0,0,0.662745,0.996078,0.662745,0.137255,0,0,0,0,0,0,0,0,0,0,0,0,0,0,0,0,0,0,0,0,0,0,0,0,0.156863,0.952941,0.996078,0.972549,0.603922,0.141176,0,0,0,0,0,0,0,0,0,0,0,0,0,0,0,0,0,0,0,0,0,0,0,0.286275,0.635294,0.94902,0.996078,0.941176,0.756863,0.811765,0.85098,0.85098,0.713725,0.686275,0.482353,0.482353,0.0705882,0,0,0,0,0,0,0,0,0,0,0,0,0,0,0,0,0.152941,0.568627,0.760784,1,0.941176,0.623529,0.733333,0.717647,0.854902,0.607843,0.396078,0.0392157,0,0,0,0,0,0,0,0,0,0,0,0,0,0,0,0,0,0,0,0,0,0,0,0,0,0,0,0,0,0,0,0,0,0,0,0,0,0,0,0,0,0,0,0,0,0,0,0,0,0,0,0,0,0,0,0,0,0,0,0,0,0,0,0,0,0,0,0,0,0,0,0,0,0,0,0,0,0,0,0,0,0,0,0,0,0,0,0,0,0,0,0,0,0,0,0,0,0,0,0,0,0,0,0,0,0,0,0,0,0,0,0,0,0,0
expected output: 2
computed output: 2
#checks: 1
#features: 784/784
#fixed features: 0/784
#terms: 1608
