Dataset size: 10
Number of variables: 784
Timeout per sample [s]: 600
------------------------------------------------------------

sample [1/10]: 0,0,0,0,0,0,0,0,0,0,0,0,0,0,0,0,0,0,0,0,0,0,0,0,0,0,0,0,0,0,0,0,0,0,0,0,0,0,0,0,0,0,0,0,0,0,0,0,0,0,0,0,0,0,0,0,0,0,0,0,0,0,0,0,0,0,0,0,0,0,0,0,0,0,0,0,0,0,0,0,0,0,0,0,0,0,0,0,0,0,0,0,0,0,0,0,0,0,0,0,38,144,237,50,0,0,0,0,0,0,0,0,0,0,0,0,0,0,0,0,0,0,0,0,0,0,0,147,234,252,252,237,0,0,0,0,0,0,0,0,0,0,0,0,0,0,0,0,0,0,0,0,13,150,197,253,252,252,214,195,0,0,0,0,0,0,0,0,0,0,0,0,0,0,0,0,0,0,0,10,156,252,252,253,252,252,84,0,0,0,0,0,0,0,0,0,0,0,0,0,0,0,0,0,0,0,0,85,252,252,252,190,112,112,37,0,0,0,0,0,0,0,0,0,0,0,0,0,0,0,0,0,0,0,51,238,253,253,253,0,0,0,0,0,0,0,0,0,0,0,0,0,0,0,0,0,0,0,0,0,0,0,238,252,252,252,127,0,0,0,0,0,0,0,0,0,0,0,0,0,0,0,0,0,0,0,0,0,7,135,253,252,252,214,87,0,0,0,0,0,0,0,0,0,0,0,0,0,0,0,0,0,0,0,0,0,123,252,253,252,214,28,0,0,0,7,10,0,0,0,0,0,0,0,0,0,0,0,0,0,0,0,0,0,169,252,253,252,118,0,0,0,0,135,177,140,79,0,0,0,0,0,0,0,0,0,0,0,0,0,0,0,170,253,255,168,0,0,0,176,253,253,253,253,255,27,0,0,0,0,0,0,0,0,0,0,0,0,0,0,169,252,253,167,0,10,163,253,252,252,252,252,253,152,0,0,0,0,0,0,0,0,0,0,0,0,0,0,169,252,253,89,0,138,252,253,233,164,187,252,253,167,0,0,0,0,0,0,0,0,0,0,0,0,0,0,169,252,253,177,60,224,252,240,71,7,178,252,253,167,0,0,0,0,0,0,0,0,0,0,0,0,0,0,169,252,253,252,252,252,252,63,48,165,252,252,253,167,0,0,0,0,0,0,0,0,0,0,0,0,0,0,108,253,255,253,253,253,253,255,253,253,253,253,204,15,0,0,0,0,0,0,0,0,0,0,0,0,0,0,3,106,253,252,252,252,252,253,252,252,195,167,15,0,0,0,0,0,0,0,0,0,0,0,0,0,0,0,0,0,56,231,252,252,252,253,252,208,19,0,0,0,0,0,0,0,0,0,0,0,0,0,0,0,0,0,0,0,0,75,199,252,252,253,252,180,0,0,0,0,0,0,0,0,0,0,0,0,0,0,0,0,0,0,0,0,0,0,25,128,252,190,112,25,0,0,0,0,0,0,0,0,0,0,0,0,0,0,0,0,0,0,0,0,0,0,0,0,0,0,0,0,0,0,0,0,0,0,0,0,0,0,0,0,0,0,0,0,0,0,0,0,0,0,0,0,0,0,0,0,0,0,0,0,0,0,0,0,0,0,0,0,0,0,0,0,0,0,0,0,0,0,0,0,0,0,0,0,0,0,0,0,0,0,0,0,0,0,0,0,0,0,0,0,0,0,0,0,0,0,0,0,0,0,0,0,0,0,0,0,0,0,0,0,0,0,0,0,0,0,0,0,0,0,0,0,0,0,0,0,0,0,0,0,0,0,0,0,0,0,0,0,0,0
expected output: 6
computed output: 6
#checks: 1
#features: 784/784
#fixed features: 0/784
#terms: 1110

sample [2/10]: 0,0,0,0,0,0,0,0,0,0,0,0,0,0,0,0,0,0,0,0,0,0,0,0,0,0,0,0,0,0,0,0,0,0,0,0,0,0,0,0,0,0,0,0,0,0,0,0,0,0,0,0,0,0,0,0,0,0,0,0,0,0,0,0,0,0,0,0,0,0,0,0,0,0,0,0,0,0,0,0,0,0,0,0,0,0,0,0,0,0,0,0,0,0,0,0,0,0,0,0,0,0,0,0,0,0,0,0,0,0,0,0,0,0,0,0,0,0,0,0,0,0,0,0,0,0,0,0,0,0,0,0,0,0,0,0,0,0,0,0,0,0,0,0,0,0,0,0,0,0,0,0,0,0,0,0,0,0,0,0,0,0,0,0,0,0,0,0,0,0,0,0,0,1,122,255,203,146,64,38,30,0,0,0,0,0,0,0,0,0,0,0,0,0,0,0,0,0,0,0,0,4,223,253,253,253,253,253,239,184,184,158,76,36,0,0,0,0,0,0,0,0,0,0,0,0,0,0,0,0,38,221,251,253,253,253,253,253,253,253,253,225,39,0,0,0,0,0,0,0,0,0,0,0,0,0,0,0,0,0,48,102,102,201,210,244,253,253,253,253,227,44,0,0,0,0,0,0,0,0,0,0,0,0,0,0,0,0,0,0,0,0,0,51,65,65,152,216,253,183,2,0,0,0,0,0,0,0,0,0,0,0,0,0,0,0,0,0,0,0,0,0,0,0,0,135,253,253,5,0,0,0,0,0,0,0,0,0,0,0,0,0,0,0,0,0,0,0,0,0,0,0,0,156,253,253,5,0,0,0,0,0,0,0,0,0,0,0,0,0,0,0,0,0,0,0,0,0,0,0,0,244,253,253,5,0,0,0,0,0,0,0,0,0,0,0,0,0,0,0,0,0,0,0,0,0,0,0,143,253,253,253,5,0,0,0,0,0,0,0,0,0,0,0,0,0,0,0,0,0,0,0,0,0,0,13,216,253,253,187,2,0,0,0,0,0,0,0,0,0,0,0,0,0,0,0,0,0,0,0,0,0,0,100,253,253,230,50,0,0,0,0,0,0,0,0,0,0,0,0,0,0,0,0,0,0,0,0,0,0,30,248,253,253,179,0,0,0,0,0,0,0,0,0,0,0,0,0,0,0,0,0,0,0,0,0,0,22,205,253,253,210,28,0,0,0,0,0,0,0,0,0,0,0,0,0,0,0,0,0,0,0,0,0,0,133,253,253,253,77,0,0,0,0,0,0,0,0,0,0,0,0,0,0,0,0,0,0,0,0,0,0,111,251,253,253,103,1,0,0,0,0,0,0,0,0,0,0,0,0,0,0,0,0,0,0,0,0,0,12,225,253,253,185,16,0,0,0,0,0,0,0,0,0,0,0,0,0,0,0,0,0,0,0,0,0,0,150,253,253,235,15,0,0,0,0,0,0,0,0,0,0,0,0,0,0,0,0,0,0,0,0,0,0,12,235,253,253,171,0,0,0,0,0,0,0,0,0,0,0,0,0,0,0,0,0,0,0,0,0,0,0,63,248,253,228,43,0,0,0,0,0,0,0,0,0,0,0,0,0,0,0,0,0,0,0,0,0,0,0,0,186,230,47,0,0,0,0,0,0,0,0,0,0,0,0,0,0,0,0,0,0,0,0,0,0,0,0,0,0,0,0,0,0,0,0,0,0,0,0,0,0,0,0,0,0,0,0,0,0,0,0,0,0,0,0,0,0,0,0,0,0,0,0,0,0,0,0,0,0,0,0,0,0
expected output: 7
computed output: 7
#checks: 1
#features: 784/784
#fixed features: 0/784
#terms: 1117

sample [3/10]: 0,0,0,0,0,0,0,0,0,0,0,0,0,0,0,0,0,0,0,0,0,0,0,0,0,0,0,0,0,0,0,0,0,0,0,0,0,0,0,0,0,0,0,0,0,0,0,0,0,0,0,0,0,0,0,0,0,0,0,0,0,0,0,0,0,0,0,0,0,0,0,0,0,0,0,0,0,0,0,0,0,0,0,0,0,0,0,0,0,0,0,0,0,0,71,57,0,0,0,23,192,195,254,124,16,0,0,0,0,0,0,0,0,0,0,0,0,0,0,0,0,0,151,243,58,53,0,175,253,253,253,253,34,0,0,0,0,0,0,0,0,0,0,0,0,0,0,0,0,0,151,253,162,111,21,206,253,253,253,253,34,0,0,0,0,0,0,0,0,0,0,0,0,0,0,0,0,8,173,253,6,0,17,161,198,198,225,253,200,41,0,0,0,0,0,0,0,0,0,0,0,0,0,0,0,35,253,253,6,0,0,0,0,0,108,251,253,147,0,0,0,0,0,0,0,0,0,0,0,0,0,0,0,42,253,253,6,0,0,0,0,0,0,158,253,191,0,0,0,0,0,0,0,0,0,0,0,0,0,0,29,214,253,253,6,0,0,0,0,0,0,104,253,191,0,0,0,0,0,0,0,0,0,0,0,0,0,0,56,253,253,126,1,0,0,0,0,0,0,3,221,225,41,0,0,0,0,0,0,0,0,0,0,0,0,0,56,253,248,80,0,0,0,0,0,0,0,0,220,247,67,0,0,0,0,0,0,0,0,0,0,0,0,0,93,253,128,0,0,0,0,0,0,0,0,0,220,253,75,0,0,0,0,0,0,0,0,0,0,0,0,0,192,253,103,0,0,0,0,0,0,0,0,76,244,253,175,0,0,0,0,0,0,0,0,0,0,0,0,0,192,253,103,0,0,0,0,0,0,0,0,119,253,253,197,0,0,0,0,0,0,0,0,0,0,0,0,44,227,233,44,0,0,0,0,0,0,0,0,241,253,253,75,0,0,0,0,0,0,0,0,0,0,0,0,76,253,236,50,0,0,0,0,0,0,4,125,247,253,223,39,0,0,0,0,0,0,0,0,0,0,0,0,150,253,253,103,0,0,37,104,48,104,182,253,253,253,135,0,0,0,0,0,0,0,0,0,0,0,0,0,195,253,253,233,149,142,232,253,235,253,253,253,253,208,25,0,0,0,0,0,0,0,0,0,0,0,0,0,179,253,253,253,253,253,253,253,253,253,253,253,253,80,12,0,0,0,0,0,0,0,0,0,0,0,0,0,64,243,253,253,253,253,253,253,253,253,230,212,82,10,0,0,0,0,0,0,0,0,0,0,0,0,0,0,0,103,246,253,253,253,253,253,238,217,41,0,0,0,0,0,0,0,0,0,0,0,0,0,0,0,0,0,0,0,79,116,186,253,204,116,31,0,0,0,0,0,0,0,0,0,0,0,0,0,0,0,0,0,0,0,0,0,0,0,0,0,0,0,0,0,0,0,0,0,0,0,0,0,0,0,0,0,0,0,0,0,0,0,0,0,0,0,0,0,0,0,0,0,0,0,0,0,0,0,0,0,0,0,0,0,0,0,0,0,0,0,0,0,0,0,0,0,0,0,0,0,0,0,0,0,0,0,0,0,0,0,0,0,0,0,0,0,0,0,0,0,0,0,0,0,0,0,0,0,0,0,0,0,0,0,0,0,0,0,0,0,0,0,0,0,0,0,0,0,0,0,0,0,0,0,0,0,0,0,0,0,0,0,0,0,0,0,0
expected output: 0
computed output: 0
#checks: 1
#features: 784/784
#fixed features: 0/784
#terms: 1147

sample [4/10]: 0,0,0,0,0,0,0,0,0,0,0,0,0,0,0,0,0,0,0,0,0,0,0,0,0,0,0,0,0,0,0,0,0,0,0,0,0,0,0,0,0,0,0,0,0,0,0,0,0,0,0,0,0,0,0,0,0,0,0,0,0,0,0,0,0,0,0,0,0,0,0,0,0,0,0,0,0,0,0,0,0,0,0,0,0,0,0,0,0,0,0,0,0,0,0,0,0,0,0,0,0,0,0,0,0,0,0,0,0,0,0,0,0,0,0,0,0,0,0,0,0,0,0,0,0,0,0,0,0,0,0,0,0,0,0,0,0,0,0,0,0,0,0,0,0,0,0,0,0,0,0,0,0,0,7,204,253,226,0,0,0,0,0,0,0,0,0,0,0,0,0,0,0,0,0,0,0,0,0,0,0,0,82,252,252,225,0,0,0,0,0,0,0,0,0,0,0,0,0,0,0,0,0,0,0,0,0,0,0,23,234,252,252,225,0,0,0,0,0,0,0,0,0,0,0,0,0,0,0,0,0,0,0,0,0,0,0,29,252,252,252,225,0,0,0,0,0,0,0,0,0,0,0,0,0,0,0,0,0,0,0,0,0,0,0,29,253,253,253,114,0,0,0,0,0,0,0,0,0,0,0,0,0,0,0,0,0,0,0,0,0,0,0,29,252,252,252,113,0,0,0,0,0,0,0,0,0,0,0,0,0,0,0,0,0,0,0,0,0,0,0,29,252,252,252,113,0,0,0,0,0,0,0,0,0,0,0,0,0,0,0,0,0,0,0,0,0,0,0,29,252,252,252,63,0,0,0,0,0,0,0,0,0,0,0,0,0,0,0,0,0,0,0,0,0,0,0,141,253,253,241,0,0,0,0,0,0,0,0,0,0,0,0,0,0,0,0,0,0,0,0,0,0,0,0,141,252,252,139,0,0,0,0,0,0,0,0,0,0,0,0,0,0,0,0,0,0,0,0,0,0,0,0,141,252,252,139,0,0,0,0,0,0,0,0,0,0,0,0,0,0,0,0,0,0,0,0,0,0,0,0,241,252,252,139,0,0,0,0,0,0,0,0,0,0,0,0,0,0,0,0,0,0,0,0,0,0,0,63,255,253,253,140,0,0,0,0,0,0,0,0,0,0,0,0,0,0,0,0,0,0,0,0,0,0,0,113,253,252,252,65,0,0,0,0,0,0,0,0,0,0,0,0,0,0,0,0,0,0,0,0,0,0,0,113,253,252,252,28,0,0,0,0,0,0,0,0,0,0,0,0,0,0,0,0,0,0,0,0,0,0,0,163,253,252,252,28,0,0,0,0,0,0,0,0,0,0,0,0,0,0,0,0,0,0,0,0,0,0,0,226,255,253,156,0,0,0,0,0,0,0,0,0,0,0,0,0,0,0,0,0,0,0,0,0,0,0,0,225,253,252,56,0,0,0,0,0,0,0,0,0,0,0,0,0,0,0,0,0,0,0,0,0,0,0,0,225,253,252,56,0,0,0,0,0,0,0,0,0,0,0,0,0,0,0,0,0,0,0,0,0,0,0,0,175,253,227,31,0,0,0,0,0,0,0,0,0,0,0,0,0,0,0,0,0,0,0,0,0,0,0,0,0,0,0,0,0,0,0,0,0,0,0,0,0,0,0,0,0,0,0,0,0,0,0,0,0,0,0,0,0,0,0,0,0,0,0,0,0,0,0,0,0,0,0,0,0,0,0,0,0,0,0,0,0,0,0,0,0,0,0,0,0,0,0,0,0,0,0,0,0,0,0,0
expected output: 1
computed output: 1
#checks: 1
#features: 784/784
#fixed features: 0/784
#terms: 1132

sample [5/10]: 0,0,0,0,0,0,0,0,0,0,0,0,0,0,0,0,0,0,0,0,0,0,0,0,0,0,0,0,0,0,0,0,0,0,0,0,0,0,0,0,0,0,0,0,0,0,0,0,0,0,0,0,0,0,0,0,0,0,0,0,0,0,0,0,0,0,0,0,0,0,32,192,214,0,0,0,0,0,0,0,0,0,0,0,0,0,0,0,0,0,0,0,0,0,0,0,0,0,91,254,131,0,0,0,0,0,0,0,0,0,0,0,0,0,0,0,0,0,0,0,0,0,0,0,0,3,211,254,51,0,0,0,0,0,0,0,0,0,0,0,0,0,0,0,0,0,0,0,0,0,0,0,0,83,254,254,5,0,0,0,0,0,0,0,0,0,0,0,0,0,0,0,0,0,0,0,0,0,0,0,7,167,254,110,1,0,0,0,0,0,0,0,0,0,0,0,0,0,0,0,0,0,0,0,0,0,0,0,135,254,240,37,0,0,0,0,0,0,0,0,0,0,0,0,0,0,0,0,0,0,0,0,0,0,0,8,208,254,153,0,0,0,0,0,0,0,0,0,0,0,0,0,0,0,0,0,0,0,0,0,0,0,0,152,254,225,34,0,0,0,0,0,0,0,0,0,0,0,0,0,0,0,0,0,0,0,0,0,0,0,32,237,254,101,0,0,0,0,0,0,0,0,0,0,0,0,0,0,0,0,0,0,0,0,0,0,0,6,153,254,195,16,0,0,0,40,108,156,102,0,0,0,0,0,0,0,0,0,0,0,0,0,0,0,0,27,254,248,54,0,0,39,159,242,254,254,234,0,0,0,0,0,0,0,0,0,0,0,0,0,0,0,0,44,254,239,0,18,128,252,254,254,254,254,254,82,0,0,0,0,0,0,0,0,0,0,0,0,0,0,0,130,254,201,115,219,254,254,254,254,171,229,239,20,0,0,0,0,0,0,0,0,0,0,0,0,0,0,0,143,254,254,254,254,254,254,164,40,1,98,234,0,0,0,0,0,0,0,0,0,0,0,0,0,0,0,0,235,254,254,254,254,185,73,2,0,55,234,234,0,0,0,0,0,0,0,0,0,0,0,0,0,0,0,0,235,255,254,249,144,10,0,0,16,188,254,225,0,0,0,0,0,0,0,0,0,0,0,0,0,0,0,57,248,254,254,234,84,0,0,84,235,254,234,53,0,0,0,0,0,0,0,0,0,0,0,0,0,0,0,130,253,251,254,254,254,219,219,254,254,236,55,0,0,0,0,0,0,0,0,0,0,0,0,0,0,0,0,103,92,65,235,254,254,254,254,254,211,50,0,0,0,0,0,0,0,0,0,0,0,0,0,0,0,0,0,0,0,0,47,219,254,254,171,133,12,0,0,0,0,0,0,0,0,0,0,0,0,0,0,0,0,0,0,0,0,0,0,0,0,0,0,0,0,0,0,0,0,0,0,0,0,0,0,0,0,0,0,0,0,0,0,0,0,0,0,0,0,0,0,0,0,0,0,0,0,0,0,0,0,0,0,0,0,0,0,0,0,0,0,0,0,0,0,0,0,0,0,0,0,0,0,0,0,0,0,0,0,0,0,0,0,0,0,0,0,0,0,0,0,0,0,0,0,0,0,0,0,0,0,0,0,0,0,0,0,0,0,0,0,0,0,0,0,0,0,0,0,0,0,0,0,0,0,0,0,0,0,0,0,0,0,0,0,0,0,0,0,0,0,0,0,0,0,0,0,0,0,0,0,0,0,0,0,0,0,0,0,0,0,0,0,0,0
expected output: 6
computed output: 6
#checks: 1
#features: 784/784
#fixed features: 0/784
#terms: 1100
