Dataset size: 10
Number of variables: 784
Starting from sample 6
------------------------------------------------------------

sample [6/10]: 0,0,0,0,0,0,0,0,0,0,0,0,0,0,0,0,0,0,0,0,0,0,0,0,0,0,0,0,0,0,0,0,0,0,0,0,0,0,0,0,0,0,0,0,0,0,0,0,0,0,0,0,0,0,0,0,0,0,0,0,0,0,0,0,0,0,0,0,0,0,0,0,0,134,145,0,0,0,0,0,0,0,0,0,0,0,0,0,0,0,0,0,0,0,0,0,0,0,0,0,94,245,74,0,0,0,0,0,0,0,0,0,0,0,0,0,0,0,0,0,0,0,0,0,0,0,0,0,160,254,120,0,0,0,0,0,0,0,0,0,0,0,0,0,0,0,0,0,0,0,0,0,0,0,0,11,205,234,12,0,0,0,0,0,0,0,0,0,0,0,0,0,0,0,0,0,0,0,0,0,0,0,0,174,254,139,0,0,0,0,0,0,0,0,0,0,0,0,0,0,0,0,0,0,0,0,0,0,0,0,38,230,247,45,0,0,0,0,0,0,0,0,0,0,0,0,0,0,0,0,0,0,0,0,0,0,0,0,223,254,122,0,0,0,0,0,0,0,0,0,0,0,0,0,0,0,0,0,0,0,0,0,0,0,0,16,251,254,80,0,0,0,0,0,0,0,0,0,0,0,0,0,0,0,0,0,0,0,0,0,0,0,16,194,254,172,0,0,0,0,0,0,0,0,0,0,0,0,0,0,0,0,0,0,0,0,0,0,0,0,60,254,245,42,0,0,0,0,0,0,0,0,0,0,0,0,0,0,0,0,0,0,0,0,0,0,0,2,221,254,225,23,69,60,0,0,0,0,0,0,0,0,0,0,0,0,0,0,0,0,0,0,0,0,0,86,254,254,219,142,254,249,132,7,0,0,0,0,0,0,0,0,0,0,0,0,0,0,0,0,0,0,14,201,254,168,17,19,139,185,254,121,0,0,0,0,0,0,0,0,0,0,0,0,0,0,0,0,0,0,98,254,228,20,0,0,0,10,221,229,0,0,0,0,0,0,0,0,0,0,0,0,0,0,0,0,0,0,130,254,204,0,0,0,6,157,254,170,0,0,0,0,0,0,0,0,0,0,0,0,0,0,0,0,0,0,162,254,115,0,0,2,161,254,205,9,0,0,0,0,0,0,0,0,0,0,0,0,0,0,0,0,0,41,243,254,22,0,94,216,254,173,14,0,0,0,0,0,0,0,0,0,0,0,0,0,0,0,0,0,0,76,254,254,116,190,253,254,134,10,0,0,0,0,0,0,0,0,0,0,0,0,0,0,0,0,0,0,0,33,241,254,254,254,210,88,4,0,0,0,0,0,0,0,0,0,0,0,0,0,0,0,0,0,0,0,0,0,151,254,239,118,1,0,0,0,0,0,0,0,0,0,0,0,0,0,0,0,0,0,0,0,0,0,0,0,0,0,0,0,0,0,0,0,0,0,0,0,0,0,0,0,0,0,0,0,0,0,0,0,0,0,0,0,0,0,0,0,0,0,0,0,0,0,0,0,0,0,0,0,0,0,0,0,0,0,0,0,0,0,0,0,0,0,0,0,0,0,0,0,0,0,0,0,0,0,0,0,0,0,0,0,0,0,0,0,0,0,0,0,0,0,0,0,0,0,0,0,0,0,0,0,0,0,0,0,0,0,0,0,0,0,0,0,0,0,0,0,0,0,0,0,0,0,0,0,0,0,0,0,0,0,0,0,0,0,0,0,0,0,0,0,0,0,0,0,0,0,0,0,0,0,0,0,0,0,0,0,0,0,0,0,0,0
expected output: 6
computed output: 6
#checks: 1
#features: 784/784
#fixed features: 0/784
#terms: 1101

sample [7/10]: 0,0,0,0,0,0,0,0,0,0,0,0,0,0,0,0,0,0,0,0,0,0,0,0,0,0,0,0,0,0,0,0,0,0,0,0,0,0,0,0,0,0,0,0,0,0,0,0,0,0,0,0,0,0,0,0,0,0,0,0,0,0,0,0,0,0,0,0,0,0,0,0,0,0,0,0,0,0,0,0,0,0,0,0,0,0,0,0,0,0,0,0,0,0,0,0,0,0,0,0,0,0,0,0,0,0,0,0,0,0,0,0,0,0,0,0,0,0,0,0,4,54,141,116,117,54,141,241,242,141,141,128,129,22,0,0,0,0,0,0,0,0,0,0,0,0,0,151,179,252,252,28,128,215,252,252,253,252,196,197,253,234,63,0,0,0,0,0,0,0,0,0,0,19,85,234,253,252,252,116,91,233,168,68,168,168,177,246,253,252,168,0,0,0,0,0,0,0,0,0,0,57,252,252,253,227,139,28,16,22,0,0,0,0,10,178,253,252,168,0,0,0,0,0,0,0,0,0,0,70,253,253,176,88,0,0,0,0,0,0,0,0,0,114,255,253,253,28,0,0,0,0,0,0,0,0,19,225,252,252,113,0,0,0,0,0,0,0,0,0,0,138,253,252,252,28,0,0,0,0,0,0,0,0,29,252,252,252,172,197,197,59,0,0,0,0,0,45,197,246,253,252,252,28,0,0,0,0,0,0,0,0,29,252,252,252,253,252,252,240,0,0,0,0,13,194,252,252,253,252,177,3,0,0,0,0,0,0,0,0,13,194,253,253,254,253,253,253,129,54,53,128,204,253,253,253,254,222,25,0,0,0,0,0,0,0,0,0,0,57,252,252,253,252,252,252,253,252,252,252,253,252,252,252,253,121,0,0,0,0,0,0,0,0,0,0,0,95,252,252,253,252,252,252,253,252,252,252,253,252,252,252,253,84,0,0,0,0,0,0,0,0,0,0,0,169,252,252,253,252,252,252,253,252,252,252,253,252,252,252,253,184,0,0,0,0,0,0,0,0,0,0,29,253,253,190,0,26,113,113,226,225,225,125,0,57,253,253,254,197,0,0,0,0,0,0,0,0,0,0,10,196,252,165,0,0,0,0,0,0,0,0,0,57,252,252,253,196,0,0,0,0,0,0,0,0,0,0,0,169,252,252,135,28,0,0,0,0,0,0,0,57,252,252,253,196,0,0,0,0,0,0,0,0,0,0,0,69,252,252,253,234,137,113,0,0,0,0,0,157,252,252,253,145,0,0,0,0,0,0,0,0,0,0,0,26,113,238,254,253,253,253,254,253,165,141,154,253,253,253,114,0,0,0,0,0,0,0,0,0,0,0,0,0,0,75,153,252,252,252,253,252,252,252,253,252,252,252,113,0,0,0,0,0,0,0,0,0,0,0,0,0,0,0,7,81,168,243,253,252,252,252,253,252,252,252,25,0,0,0,0,0,0,0,0,0,0,0,0,0,0,0,0,0,0,75,140,215,252,252,190,215,164,139,0,0,0,0,0,0,0,0,0,0,0,0,0,0,0,0,0,0,0,0,0,0,0,0,0,0,0,0,0,0,0,0,0,0,0,0,0,0,0,0,0,0,0,0,0,0,0,0,0,0,0,0,0,0,0,0,0,0,0,0,0,0,0,0,0,0,0,0,0,0,0,0,0,0,0,0,0,0,0,0,0,0,0,0,0,0,0,0,0,0,0,0,0,0,0,0,0,0,0,0,0,0,0,0,0,0,0,0,0,0,0,0,0,0,0,0,0,0,0,0
expected output: 8
computed output: 8
#checks: 1
#features: 784/784
#fixed features: 0/784
#terms: 1153

sample [8/10]: 0,0,0,0,0,0,0,0,0,0,0,0,0,0,0,0,0,0,0,0,0,0,0,0,0,0,0,0,0,0,0,0,0,0,0,0,0,0,0,0,0,0,0,0,0,0,0,0,0,0,0,0,0,0,0,0,0,0,0,0,0,0,0,0,0,0,0,0,0,0,0,0,0,0,0,0,0,0,0,0,0,0,0,0,0,0,0,0,0,0,0,0,0,0,0,0,0,0,0,0,0,0,0,0,0,0,0,0,0,0,0,0,0,0,0,0,0,0,0,0,0,0,0,0,0,0,0,0,64,255,191,0,0,0,0,0,0,0,0,0,0,0,0,0,0,0,0,0,0,0,0,0,0,0,0,0,191,255,255,64,0,0,0,0,0,0,0,0,0,0,0,0,0,0,0,0,0,0,0,0,0,0,0,0,255,255,255,128,0,0,0,0,0,0,0,0,0,0,0,0,0,0,0,0,0,0,0,0,0,0,0,191,255,255,255,0,0,0,0,0,0,0,0,0,0,0,0,0,0,0,0,0,0,0,0,0,0,0,64,255,255,255,255,0,0,0,0,0,0,0,0,0,0,0,0,0,0,0,0,0,0,0,0,0,0,0,128,255,255,255,128,0,0,0,0,0,0,0,0,0,0,0,0,0,0,0,0,0,0,0,0,0,0,0,128,255,255,255,64,0,0,0,0,0,0,0,0,0,0,0,0,0,0,0,0,0,0,0,0,0,0,0,255,255,255,128,0,0,0,0,0,0,0,0,0,0,0,0,0,0,0,0,0,0,0,0,0,0,0,191,255,255,255,128,0,0,0,0,0,0,0,0,0,0,0,0,0,0,0,0,0,0,0,0,0,0,0,255,255,255,255,64,0,0,0,0,0,0,0,0,0,0,0,0,0,0,0,0,0,0,0,0,0,0,0,255,255,255,255,0,0,0,0,0,0,0,0,0,0,0,0,0,0,0,0,0,0,0,0,0,0,0,255,255,255,255,64,0,0,0,0,0,0,0,0,0,0,0,0,0,0,0,0,0,0,0,0,0,0,128,255,255,255,255,0,0,0,0,0,0,0,0,0,0,0,0,0,0,0,0,0,0,0,0,0,0,0,128,255,255,255,255,0,0,0,0,0,0,0,0,0,0,0,0,0,0,0,0,0,0,0,0,0,0,0,255,255,255,255,255,0,0,0,0,0,0,0,0,0,0,0,0,0,0,0,0,0,0,0,0,0,0,0,255,255,255,255,128,0,0,0,0,0,0,0,0,0,0,0,0,0,0,0,0,0,0,0,0,0,0,64,255,255,255,255,0,0,0,0,0,0,0,0,0,0,0,0,0,0,0,0,0,0,0,0,0,0,0,128,255,255,255,255,0,0,0,0,0,0,0,0,0,0,0,0,0,0,0,0,0,0,0,0,0,0,0,0,255,255,255,191,0,0,0,0,0,0,0,0,0,0,0,0,0,0,0,0,0,0,0,0,0,0,0,0,64,255,255,64,0,0,0,0,0,0,0,0,0,0,0,0,0,0,0,0,0,0,0,0,0,0,0,0,0,0,0,0,0,0,0,0,0,0,0,0,0,0,0,0,0,0,0,0,0,0,0,0,0,0,0,0,0,0,0,0,0,0,0,0,0,0,0,0,0,0,0,0,0,0,0,0,0,0,0,0,0,0,0,0,0,0,0,0,0,0,0,0,0,0,0,0,0,0,0,0,0,0,0,0,0,0,0,0,0,0,0,0,0,0,0,0,0,0,0,0,0,0,0,0,0,0,0,0,0
expected output: 1
computed output: 1
#checks: 1
#features: 784/784
#fixed features: 0/784
#terms: 1103

sample [9/10]: 0,0,0,0,0,0,0,0,0,0,0,0,0,0,0,0,0,0,0,0,0,0,0,0,0,0,0,0,0,0,0,0,0,0,0,0,0,0,0,0,0,0,0,0,0,0,0,0,0,0,0,0,0,0,0,0,0,0,0,0,0,0,0,0,0,0,0,0,0,0,0,0,0,0,0,0,0,0,0,0,0,0,0,0,0,0,0,0,0,0,0,0,0,0,0,0,0,0,0,0,0,0,0,0,0,0,0,0,0,0,0,0,0,0,0,0,0,0,0,0,0,0,0,0,0,0,0,0,0,0,0,0,0,0,0,0,0,0,0,0,0,0,0,0,0,0,0,0,0,0,0,0,0,0,0,0,0,0,0,0,0,0,0,0,0,0,0,0,0,0,0,0,0,0,0,0,0,0,0,0,0,0,0,0,0,0,0,0,0,0,0,0,0,0,0,0,0,0,0,0,0,0,0,0,0,0,0,0,0,45,118,160,255,151,0,0,0,0,0,0,0,0,0,0,0,0,0,0,0,0,0,0,100,34,6,48,169,245,254,253,253,239,33,0,0,0,0,0,0,0,0,0,0,0,0,0,0,0,0,49,245,224,214,254,253,227,189,115,253,254,74,0,0,0,0,0,0,0,0,0,0,0,0,0,0,0,0,76,254,254,250,234,116,20,0,16,254,242,40,0,0,0,0,0,0,0,0,0,0,0,0,0,0,0,0,76,253,254,116,0,0,0,0,84,253,229,0,0,0,0,0,0,0,0,0,0,0,0,0,0,0,0,0,127,253,210,7,0,0,0,0,115,253,217,0,0,0,0,0,0,0,0,0,0,0,0,0,0,0,0,0,175,243,74,0,0,0,0,0,148,253,129,0,0,0,0,0,0,0,0,0,0,0,0,0,0,0,0,0,109,110,0,0,0,0,0,10,221,253,35,0,0,0,0,0,0,0,0,0,0,0,0,0,0,0,0,0,0,0,0,0,0,0,0,61,254,253,30,0,0,0,0,0,0,0,0,0,0,0,0,0,0,0,0,0,0,0,0,0,0,0,0,61,253,212,12,0,0,0,0,0,0,0,0,0,0,0,0,0,0,0,0,0,0,0,0,0,0,0,0,102,253,182,0,0,0,0,0,0,0,0,0,0,0,0,0,0,0,0,0,0,0,0,0,0,0,0,0,160,254,84,0,0,0,0,0,0,0,0,0,0,0,0,0,0,0,0,0,0,0,0,0,0,0,0,5,239,253,84,0,0,0,0,0,0,0,0,0,0,0,0,0,0,0,0,0,0,0,0,0,0,0,0,72,253,253,84,0,0,0,0,0,0,0,0,0,0,0,0,0,0,0,0,0,0,0,0,0,0,0,0,106,254,246,43,0,0,0,0,0,0,0,0,0,0,0,0,0,0,0,0,0,0,0,0,0,0,0,0,105,253,238,0,0,0,0,0,0,0,0,0,0,0,0,0,0,0,0,0,0,0,0,0,0,0,0,0,106,254,246,45,0,0,0,0,0,0,0,0,0,0,0,0,0,0,0,0,0,0,0,0,0,0,0,0,105,254,254,84,0,0,0,0,0,0,0,0,0,0,0,0,0,0,0,0,0,0,0,0,0,0,0,0,88,254,254,84,0,0,0,0,0,0,0,0,0,0,0,0,0,0,0,0,0,0,0,0,0,0,0,0,4,216,202,18,0,0,0,0,0,0,0,0,0,0,0,0,0,0,0,0,0,0,0,0,0,0,0,0,0,0,0,0,0,0,0,0,0,0,0,0,0,0,0
expected output: 7
computed output: 7
#checks: 1
#features: 784/784
#fixed features: 0/784
#terms: 1114

sample [10/10]: 0,0,0,0,0,0,0,0,0,0,0,0,0,0,0,0,0,0,0,0,0,0,0,0,0,0,0,0,0,0,0,0,0,0,0,0,0,0,0,0,0,0,0,0,0,0,0,0,0,0,0,0,0,0,0,0,0,0,0,0,0,0,0,0,0,0,0,0,0,0,0,0,0,0,0,0,0,0,0,0,0,0,0,0,0,0,0,0,0,0,0,0,0,0,0,0,0,0,0,0,0,0,0,0,0,0,0,0,0,0,0,0,0,0,0,0,0,0,0,0,0,0,0,0,0,0,0,0,0,0,0,0,0,0,0,0,0,0,0,0,0,0,0,0,0,0,0,0,0,0,0,0,0,0,0,0,0,0,0,0,0,0,0,0,0,0,0,0,0,0,0,0,0,0,0,0,0,0,0,0,0,0,0,0,0,0,0,214,253,234,30,0,0,0,0,0,0,0,0,0,0,0,0,0,0,0,0,0,0,0,0,0,0,0,41,253,252,253,91,0,0,0,0,0,0,0,0,0,0,0,0,0,0,31,173,254,253,21,0,0,0,11,213,254,253,224,20,0,0,0,0,0,0,0,0,0,0,0,0,0,0,152,252,253,252,102,0,0,0,51,252,253,252,162,0,0,0,0,0,0,0,0,0,0,0,0,0,31,213,255,253,254,253,21,0,0,62,214,253,254,253,102,0,0,0,0,0,0,0,0,0,0,0,0,0,193,252,253,252,253,252,102,0,0,183,253,252,253,252,102,0,0,0,0,0,0,0,0,0,0,0,0,0,214,253,254,253,224,122,41,0,0,102,254,253,254,172,0,0,0,0,0,0,0,0,0,0,0,0,0,0,253,252,253,252,20,0,0,0,0,183,253,252,253,212,204,203,183,20,0,0,0,0,0,0,0,0,11,173,254,253,254,213,51,132,152,152,214,253,254,253,254,253,255,253,255,50,0,0,0,0,0,0,0,0,51,252,253,252,253,252,253,252,253,252,253,252,253,252,253,252,253,252,213,10,0,0,0,0,0,0,0,0,51,253,254,253,254,253,254,253,254,253,254,253,254,233,203,203,204,122,41,0,0,0,0,0,0,0,0,0,31,192,253,252,253,252,233,151,151,232,253,252,233,50,0,0,0,0,0,0,0,0,0,0,0,0,0,0,0,0,102,102,41,0,0,0,51,253,254,253,142,0,0,0,0,0,0,0,0,0,0,0,0,0,0,0,0,0,0,0,0,0,0,0,173,252,253,212,20,0,0,0,0,0,0,0,0,0,0,0,0,0,0,0,0,0,0,0,0,0,0,21,254,253,254,131,0,0,0,0,0,0,0,0,0,0,0,0,0,0,0,0,0,0,0,0,0,0,21,203,253,252,172,10,0,0,0,0,0,0,0,0,0,0,0,0,0,0,0,0,0,0,0,0,0,0,72,253,255,253,82,0,0,0,0,0,0,0,0,0,0,0,0,0,0,0,0,0,0,0,0,0,0,0,233,252,253,171,0,0,0,0,0,0,0,0,0,0,0,0,0,0,0,0,0,0,0,0,0,0,0,82,255,253,255,91,0,0,0,0,0,0,0,0,0,0,0,0,0,0,0,0,0,0,0,0,0,0,0,0,213,252,192,30,0,0,0,0,0,0,0,0,0,0,0,0,0,0,0,0,0,0,0,0,0,0,0,0,0,0,0,0,0,0,0,0,0,0,0,0,0,0,0,0,0,0,0,0,0,0,0,0,0,0,0,0,0,0,0,0,0,0,0,0,0,0,0,0,0,0,0,0,0
expected output: 4
computed output: 4
#checks: 1
#features: 784/784
#fixed features: 0/784
#terms: 1139
