Dataset size: 100
Number of variables: 3072
Limited number of samples: 1
------------------------------------------------------------

sample [1/100]: 0.52549,0.623529,0.65098,0.639216,0.619608,0.607843,0.627451,0.552941,0.639216,0.67451,0.647059,0.607843,0.592157,0.654902,0.603922,0.521569,0.458824,0.454902,0.513725,0.52549,0.407843,0.356863,0.376471,0.431373,0.478431,0.490196,0.431373,0.388235,0.333333,0.282353,0.262745,0.254902,0.537255,0.564706,0.576471,0.580392,0.580392,0.580392,0.572549,0.552941,0.596078,0.643137,0.647059,0.603922,0.552941,0.596078,0.615686,0.580392,0.521569,0.482353,0.486275,0.533333,0.443137,0.376471,0.376471,0.423529,0.454902,0.45098,0.388235,0.364706,0.329412,0.298039,0.294118,0.309804,0.603922,0.592157,0.596078,0.603922,0.607843,0.584314,0.572549,0.564706,0.564706,0.596078,0.627451,0.611765,0.54902,0.588235,0.584314,0.568627,0.537255,0.494118,0.443137,0.458824,0.462745,0.462745,0.470588,0.470588,0.435294,0.411765,0.384314,0.352941,0.309804,0.294118,0.313725,0.333333,0.580392,0.584314,0.6,0.607843,0.6,0.576471,0.537255,0.498039,0.521569,0.572549,0.607843,0.580392,0.505882,0.545098,0.517647,0.533333,0.576471,0.572549,0.490196,0.439216,0.458824,0.521569,0.537255,0.501961,0.447059,0.407843,0.376471,0.321569,0.254902,0.247059,0.298039,0.345098,0.513725,0.545098,0.560784,0.552941,0.541176,0.529412,0.470588,0.435294,0.490196,0.556863,0.588235,0.564706,0.498039,0.513725,0.478431,0.462745,0.505882,0.564706,0.564706,0.494118,0.458824,0.509804,0.529412,0.509804,0.482353,0.47451,0.427451,0.32549,0.25098,0.227451,0.25098,0.321569,0.466667,0.513725,0.517647,0.486275,0.458824,0.454902,0.435294,0.415686,0.478431,0.52549,0.54902,0.556863,0.533333,0.513725,0.494118,0.407843,0.368627,0.423529,0.52549,0.517647,0.443137,0.439216,0.470588,0.505882,0.529412,0.560784,0.529412,0.384314,0.32549,0.294118,0.25098,0.294118,0.431373,0.486275,0.482353,0.454902,0.411765,0.384314,0.447059,0.415686,0.47451,0.505882,0.501961,0.498039,0.505882,0.47451,0.486275,0.427451,0.352941,0.333333,0.388235,0.435294,0.396078,0.376471,0.4,0.470588,0.552941,0.572549,0.572549,0.435294,0.415686,0.415686,0.364706,0.337255,0.419608,0.458824,0.466667,0.462745,0.443137,0.427451,0.458824,0.466667,0.490196,0.501961,0.478431,0.431373,0.411765,0.392157,0.388235,0.396078,0.372549,0.360784,0.423529,0.419608,0.372549,0.372549,0.376471,0.396078,0.458824,0.556863,0.513725,0.45098,0.447059,0.470588,0.482353,0.439216,0.407843,0.415686,0.415686,0.443137,0.466667,0.423529,0.427451,0.427451,0.443137,0.47451,0.47451,0.427451,0.384314,0.364706,0.356863,0.333333,0.313725,0.333333,0.396078,0.462745,0.454902,0.443137,0.411765,0.368627,0.352941,0.419608,0.407843,0.419608,0.431373,0.443137,0.435294,0.423529,0.466667,0.47451,0.470588,0.486275,0.501961,0.486275,0.482353,0.45098,0.415686,0.419608,0.443137,0.435294,0.376471,0.337255,0.298039,0.254902,0.235294,0.247059,0.27451,0.305882,0.301961,0.321569,0.360784,0.376471,0.345098,0.282353,0.290196,0.364706,0.4,0.415686,0.439216,0.427451,0.427451,0.443137,0.407843,0.431373,0.486275,0.486275,0.458824,0.415686,0.368627,0.368627,0.392157,0.380392,0.352941,0.286275,0.219608,0.180392,0.160784,0.156863,0.168627,0.180392,0.207843,0.243137,0.294118,0.345098,0.360784,0.27451,0.215686,0.258824,0.301961,0.32549,0.341176,0.341176,0.372549,0.384314,0.372549,0.4,0.45098,0.45098,0.415686,0.392157,0.32549,0.301961,0.298039,0.286275,0.262745,0.207843,0.184314,0.184314,0.180392,0.176471,0.180392,0.168627,0.168627,0.196078,0.231373,0.270588,0.290196,0.247059,0.2,0.203922,0.227451,0.247059,0.262745,0.27451,0.368627,0.356863,0.34902,0.360784,0.380392,0.388235,0.376471,0.380392,0.317647,0.266667,0.239216,0.215686,0.184314,0.188235,0.223529,0.25098,0.258824,0.258824,0.254902,0.235294,0.196078,0.180392,0.192157,0.211765,0.227451,0.235294,0.231373,0.219608,0.215686,0.219608,0.227451,0.239216,0.396078,0.356863,0.313725,0.294118,0.298039,0.313725,0.341176,0.364706,0.32549,0.266667,0.215686,0.184314,0.180392,0.235294,0.27451,0.294118,0.301961,0.301961,0.290196,0.270588,0.243137,0.203922,0.188235,0.192157,0.219608,0.270588,0.282353,0.262745,0.235294,0.219608,0.219608,0.211765,0.396078,0.352941,0.301961,0.270588,0.266667,0.282353,0.309804,0.34902,0.298039,0.235294,0.184314,0.176471,0.239216,0.270588,0.25098,0.258824,0.270588,0.258824,0.239216,0.203922,0.231373,0.235294,0.203922,0.172549,0.196078,0.282353,0.294118,0.286275,0.247059,0.219608,0.215686,0.196078,0.368627,0.356863,0.317647,0.298039,0.305882,0.309804,0.317647,0.329412,0.278431,0.207843,0.184314,0.231373,0.278431,0.235294,0.172549,0.2,0.243137,0.235294,0.176471,0.12549,0.164706,0.211765,0.207843,0.168627,0.14902,0.215686,0.262745,0.25098,0.223529,0.2,0.184314,0.176471,0.341176,0.364706,0.352941,0.341176,0.333333,0.321569,0.329412,0.301961,0.254902,0.211765,0.219608,0.270588,0.235294,0.2,0.188235,0.188235,0.207843,0.2,0.12549,0.156863,0.156863,0.152941,0.180392,0.207843,0.188235,0.14902,0.243137,0.313725,0.301961,0.247059,0.211765,0.215686,0.372549,0.372549,0.360784,0.34902,0.341176,0.329412,0.321569,0.337255,0.262745,0.207843,0.231373,0.278431,0.207843,0.156863,0.156863,0.14902,0.168627,0.188235,0.129412,0.203922,0.176471,0.141176,0.180392,0.211765,0.156863,0.141176,0.247059,0.309804,0.341176,0.329412,0.298039,0.27451,0.388235,0.396078,0.388235,0.364706,0.337255,0.321569,0.317647,0.32549,0.247059,0.2,0.235294,0.290196,0.215686,0.117647,0.137255,0.109804,0.133333,0.176471,0.121569,0.172549,0.188235,0.156863,0.2,0.243137,0.180392,0.133333,0.231373,0.301961,0.333333,0.313725,0.270588,0.25098,0.380392,0.364706,0.345098,0.329412,0.309804,0.286275,0.313725,0.301961,0.243137,0.2,0.223529,0.27451,0.243137,0.172549,0.164706,0.14902,0.164706,0.184314,0.141176,0.141176,0.160784,0.14902,0.196078,0.231373,0.172549,0.141176,0.219608,0.286275,0.298039,0.266667,0.223529,0.203922,0.360784,0.309804,0.278431,0.278431,0.282353,0.270588,0.309804,0.294118,0.25098,0.211765,0.207843,0.243137,0.25098,0.188235,0.172549,0.156863,0.164706,0.196078,0.196078,0.152941,0.12549,0.133333,0.176471,0.2,0.168627,0.160784,0.231373,0.270588,0.266667,0.235294,0.2,0.172549,0.352941,0.282353,0.254902,0.266667,0.278431,0.278431,0.313725,0.305882,0.27451,0.227451,0.196078,0.211765,0.243137,0.164706,0.156863,0.145098,0.164706,0.227451,0.254902,0.211765,0.168627,0.168627,0.180392,0.180392,0.176471,0.188235,0.258824,0.27451,0.258824,0.231373,0.2,0.168627,0.356863,0.286275,0.262745,0.282353,0.301961,0.298039,0.337255,0.345098,0.32549,0.258824,0.192157,0.184314,0.227451,0.207843,0.192157,0.219608,0.258824,0.282353,0.282353,0.282353,0.270588,0.25098,0.203922,0.164706,0.172549,0.231373,0.290196,0.286275,0.266667,0.254902,0.235294,0.176471,0.352941,0.294118,0.27451,0.294118,0.329412,0.352941,0.388235,0.384314,0.364706,0.305882,0.219608,0.160784,0.180392,0.207843,0.239216,0.262745,0.270588,0.270588,0.278431,0.254902,0.243137,0.219608,0.176471,0.160784,0.207843,0.270588,0.282353,0.286275,0.282353,0.286275,0.266667,0.196078,0.34902,0.309804,0.278431,0.286275,0.337255,0.380392,0.345098,0.32549,0.333333,0.321569,0.27451,0.196078,0.14902,0.156863,0.164706,0.188235,0.207843,0.203922,0.188235,0.172549,0.156863,0.141176,0.14902,0.176471,0.207843,0.235294,0.25098,0.27451,0.298039,0.290196,0.239216,0.188235,0.32549,0.317647,0.298039,0.298039,0.32549,0.341176,0.301961,0.27451,0.298039,0.305882,0.286275,0.25098,0.192157,0.188235,0.184314,0.176471,0.180392,0.184314,0.156863,0.164706,0.160784,0.164706,0.180392,0.192157,0.188235,0.196078,0.219608,0.262745,0.290196,0.282353,0.247059,0.203922,0.290196,0.286275,0.27451,0.27451,0.27451,0.27451,0.262745,0.247059,0.27451,0.290196,0.282353,0.25098,0.215686,0.207843,0.2,0.184314,0.176471,0.172549,0.160784,0.168627,0.168627,0.176471,0.184314,0.188235,0.188235,0.196078,0.211765,0.231373,0.247059,0.243137,0.219608,0.196078,0.266667,0.258824,0.25098,0.239216,0.223529,0.219608,0.219608,0.231373,0.254902,0.27451,0.266667,0.235294,0.211765,0.207843,0.196078,0.180392,0.168627,0.14902,0.12549,0.145098,0.152941,0.164706,0.172549,0.180392,0.192157,0.223529,0.223529,0.227451,0.219608,0.207843,0.192157,0.172549,0.243137,0.25098,0.243137,0.227451,0.207843,0.188235,0.196078,0.215686,0.231373,0.247059,0.247059,0.219608,0.2,0.2,0.184314,0.172549,0.156863,0.133333,0.101961,0.129412,0.137255,0.152941,0.164706,0.176471,0.188235,0.227451,0.223529,0.219608,0.203922,0.188235,0.176471,0.164706,0.231373,0.258824,0.258824,0.247059,0.223529,0.184314,0.188235,0.203922,0.207843,0.215686,0.219608,0.203922,0.192157,0.188235,0.184314,0.168627,0.152941,0.133333,0.109804,0.129412,0.137255,0.152941,0.164706,0.172549,0.176471,0.2,0.2,0.192157,0.184314,0.184314,0.184314,0.172549,0.235294,0.262745,0.27451,0.266667,0.235294,0.188235,0.184314,0.2,0.192157,0.196078,0.2,0.196078,0.192157,0.188235,0.184314,0.168627,0.160784,0.141176,0.109804,0.121569,0.133333,0.14902,0.164706,0.168627,0.172549,0.176471,0.184314,0.188235,0.180392,0.180392,0.188235,0.184314,0.258824,0.266667,0.266667,0.25098,0.215686,0.180392,0.192157,0.203922,0.211765,0.219608,0.223529,0.215686,0.207843,0.207843,0.207843,0.188235,0.172549,0.14902,0.0980392,0.109804,0.129412,0.14902,0.156863,0.160784,0.168627,0.180392,0.192157,0.196078,0.188235,0.180392,0.180392,0.184314,0.615686,0.698039,0.709804,0.701961,0.701961,0.705882,0.713725,0.627451,0.705882,0.741176,0.717647,0.701961,0.709804,0.721569,0.619608,0.545098,0.517647,0.529412,0.560784,0.545098,0.466667,0.462745,0.482353,0.501961,0.509804,0.498039,0.415686,0.403922,0.384314,0.356863,0.333333,0.32549,0.619608,0.639216,0.647059,0.658824,0.678431,0.690196,0.67451,0.647059,0.690196,0.737255,0.741176,0.690196,0.631373,0.647059,0.635294,0.6,0.560784,0.529412,0.529412,0.576471,0.505882,0.458824,0.458824,0.486275,0.498039,0.466667,0.380392,0.376471,0.368627,0.352941,0.34902,0.368627,0.67451,0.670588,0.682353,0.705882,0.717647,0.709804,0.694118,0.682353,0.690196,0.72549,0.741176,0.682353,0.584314,0.619608,0.611765,0.588235,0.552941,0.509804,0.486275,0.529412,0.529412,0.52549,0.533333,0.529412,0.490196,0.435294,0.384314,0.356863,0.333333,0.329412,0.356863,0.380392,0.65098,0.666667,0.694118,0.709804,0.701961,0.682353,0.647059,0.615686,0.643137,0.705882,0.721569,0.654902,0.54902,0.580392,0.552941,0.564706,0.6,0.6,0.533333,0.498039,0.517647,0.576471,0.592157,0.560784,0.509804,0.431373,0.372549,0.32549,0.286275,0.290196,0.345098,0.388235,0.592157,0.631373,0.654902,0.647059,0.623529,0.611765,0.560784,0.537255,0.596078,0.662745,0.690196,0.65098,0.572549,0.572549,0.52549,0.513725,0.560784,0.623529,0.607843,0.521569,0.494118,0.560784,0.588235,0.572549,0.54902,0.498039,0.411765,0.337255,0.305882,0.298039,0.309804,0.364706,0.545098,0.596078,0.603922,0.572549,0.537255,0.529412,0.517647,0.509804,0.568627,0.611765,0.635294,0.639216,0.615686,0.576471,0.537255,0.454902,0.427451,0.494118,0.568627,0.533333,0.478431,0.494118,0.537255,0.576471,0.6,0.588235,0.513725,0.403922,0.392157,0.376471,0.313725,0.337255,0.501961,0.552941,0.54902,0.52549,0.501961,0.490196,0.54902,0.517647,0.560784,0.572549,0.556863,0.54902,0.552941,0.513725,0.509804,0.447059,0.368627,0.352941,0.423529,0.478431,0.454902,0.45098,0.482353,0.556863,0.639216,0.627451,0.588235,0.470588,0.470588,0.482353,0.419608,0.376471,0.482353,0.513725,0.521569,0.529412,0.545098,0.560784,0.576471,0.572549,0.568627,0.54902,0.509804,0.45098,0.423529,0.4,0.392157,0.388235,0.352941,0.345098,0.443137,0.482353,0.45098,0.466667,0.47451,0.494118,0.556863,0.627451,0.560784,0.501961,0.494118,0.52549,0.52549,0.47451,0.470588,0.482353,0.494118,0.529412,0.556863,0.52549,0.505882,0.490196,0.490196,0.501961,0.486275,0.435294,0.388235,0.356863,0.337255,0.309804,0.290196,0.317647,0.403922,0.490196,0.494118,0.498039,0.478431,0.431373,0.415686,0.47451,0.458824,0.47451,0.501961,0.505882,0.482353,0.458824,0.529412,0.556863,0.568627,0.584314,0.584314,0.556863,0.529412,0.478431,0.435294,0.427451,0.443137,0.431373,0.372549,0.313725,0.258824,0.219608,0.211765,0.231373,0.262745,0.294118,0.309804,0.352941,0.396078,0.403922,0.372549,0.321569,0.345098,0.431373,0.482353,0.498039,0.498039,0.462745,0.462745,0.490196,0.462745,0.482353,0.529412,0.517647,0.478431,0.427451,0.368627,0.364706,0.376471,0.364706,0.32549,0.247059,0.168627,0.133333,0.12549,0.129412,0.137255,0.145098,0.184314,0.235294,0.294118,0.341176,0.360784,0.286275,0.247059,0.301961,0.356863,0.380392,0.376471,0.364706,0.376471,0.384314,0.368627,0.392157,0.443137,0.447059,0.407843,0.380392,0.313725,0.282353,0.270588,0.25098,0.211765,0.152941,0.129412,0.129412,0.133333,0.129412,0.129412,0.109804,0.117647,0.14902,0.192157,0.231373,0.258824,0.235294,0.203922,0.219608,0.247059,0.266667,0.270588,0.278431,0.34902,0.333333,0.32549,0.337255,0.360784,0.368627,0.356863,0.352941,0.286275,0.231373,0.196078,0.168627,0.129412,0.137255,0.180392,0.207843,0.223529,0.227451,0.215686,0.188235,0.141176,0.121569,0.133333,0.156863,0.176471,0.203922,0.211765,0.207843,0.203922,0.211765,0.219608,0.235294,0.360784,0.337255,0.309804,0.298039,0.301961,0.309804,0.313725,0.321569,0.27451,0.215686,0.168627,0.137255,0.133333,0.211765,0.266667,0.290196,0.301961,0.305882,0.286275,0.270588,0.215686,0.152941,0.12549,0.133333,0.160784,0.215686,0.227451,0.223529,0.207843,0.203922,0.207843,0.207843,0.345098,0.333333,0.309804,0.290196,0.278431,0.282353,0.282353,0.286275,0.231373,0.168627,0.12549,0.129412,0.203922,0.262745,0.266667,0.286275,0.301961,0.294118,0.270588,0.235294,0.227451,0.196078,0.14902,0.113725,0.133333,0.215686,0.219608,0.227451,0.203922,0.196078,0.203922,0.192157,0.321569,0.329412,0.301961,0.286275,0.294118,0.294118,0.27451,0.254902,0.2,0.133333,0.117647,0.188235,0.258824,0.227451,0.168627,0.211765,0.278431,0.286275,0.211765,0.141176,0.176471,0.215686,0.2,0.141176,0.105882,0.168627,0.211765,0.211765,0.196078,0.184314,0.180392,0.180392,0.298039,0.32549,0.317647,0.305882,0.301961,0.282353,0.266667,0.219608,0.168627,0.121569,0.145098,0.227451,0.227451,0.184314,0.168627,0.192157,0.25098,0.258824,0.156863,0.168627,0.184314,0.203922,0.223529,0.211765,0.164706,0.12549,0.219608,0.294118,0.278431,0.235294,0.211765,0.227451,0.32549,0.321569,0.309804,0.298039,0.294118,0.290196,0.266667,0.262745,0.176471,0.121569,0.152941,0.235294,0.2,0.156863,0.172549,0.180392,0.223529,0.247059,0.168627,0.227451,0.207843,0.184314,0.207843,0.203922,0.121569,0.113725,0.231373,0.294118,0.313725,0.305882,0.290196,0.278431,0.329412,0.333333,0.317647,0.298039,0.282353,0.27451,0.266667,0.262745,0.176471,0.117647,0.152941,0.243137,0.203922,0.141176,0.188235,0.176471,0.2,0.243137,0.176471,0.219608,0.223529,0.188235,0.207843,0.211765,0.12549,0.105882,0.227451,0.286275,0.298039,0.278431,0.25098,0.25098,0.329412,0.313725,0.294118,0.282353,0.27451,0.254902,0.270588,0.25098,0.176471,0.117647,0.141176,0.227451,0.227451,0.2,0.235294,0.223529,0.227451,0.239216,0.196078,0.192157,0.196078,0.176471,0.2,0.196078,0.117647,0.113725,0.219608,0.270588,0.266667,0.235294,0.207843,0.2,0.329412,0.286275,0.266667,0.270588,0.278431,0.262745,0.278431,0.243137,0.188235,0.129412,0.129412,0.196078,0.231373,0.219608,0.243137,0.227451,0.219608,0.235294,0.235294,0.192157,0.160784,0.164706,0.188235,0.172549,0.117647,0.133333,0.227451,0.262745,0.247059,0.215686,0.192157,0.172549,0.32549,0.266667,0.254902,0.27451,0.286275,0.282353,0.286275,0.25098,0.211765,0.14902,0.117647,0.164706,0.219608,0.188235,0.215686,0.203922,0.207843,0.254902,0.286275,0.239216,0.192157,0.192157,0.184314,0.152941,0.12549,0.156863,0.247059,0.258824,0.239216,0.211765,0.188235,0.160784,0.321569,0.262745,0.243137,0.270588,0.290196,0.282353,0.298039,0.286275,0.25098,0.180392,0.121569,0.137255,0.203922,0.207843,0.215686,0.247059,0.282353,0.305882,0.305882,0.294118,0.270588,0.235294,0.176471,0.117647,0.117647,0.188235,0.258824,0.254902,0.231373,0.219608,0.203922,0.152941,0.309804,0.254902,0.235294,0.262745,0.298039,0.317647,0.333333,0.313725,0.290196,0.231373,0.152941,0.113725,0.152941,0.188235,0.219608,0.258824,0.282353,0.290196,0.290196,0.254902,0.219608,0.168627,0.117647,0.101961,0.141176,0.219608,0.235294,0.239216,0.235294,0.239216,0.223529,0.152941,0.298039,0.266667,0.235294,0.243137,0.290196,0.329412,0.301961,0.286275,0.282353,0.258824,0.211765,0.141176,0.101961,0.109804,0.121569,0.156863,0.184314,0.188235,0.160784,0.137255,0.113725,0.0901961,0.0980392,0.129412,0.168627,0.196078,0.219608,0.235294,0.247059,0.231373,0.196078,0.156863,0.270588,0.270588,0.25098,0.247059,0.262745,0.27451,0.266667,0.262745,0.27451,0.262745,0.227451,0.188235,0.12549,0.117647,0.105882,0.105882,0.113725,0.121569,0.0941176,0.0980392,0.0980392,0.113725,0.137255,0.160784,0.168627,0.180392,0.207843,0.231373,0.231373,0.219608,0.207843,0.184314,0.243137,0.239216,0.235294,0.231373,0.227451,0.227451,0.239216,0.243137,0.254902,0.25098,0.227451,0.196078,0.160784,0.152941,0.145098,0.133333,0.121569,0.121569,0.113725,0.12549,0.129412,0.141176,0.152941,0.168627,0.172549,0.176471,0.188235,0.196078,0.196078,0.196078,0.192157,0.176471,0.223529,0.223529,0.219608,0.207843,0.2,0.2,0.211765,0.227451,0.235294,0.231373,0.215686,0.192157,0.172549,0.176471,0.168627,0.156863,0.137255,0.117647,0.109804,0.137255,0.145098,0.14902,0.156863,0.164706,0.172549,0.188235,0.176471,0.184314,0.188235,0.176471,0.168627,0.156863,0.215686,0.219608,0.207843,0.192157,0.188235,0.180392,0.192157,0.215686,0.215686,0.211765,0.2,0.188235,0.172549,0.184314,0.172549,0.160784,0.137255,0.113725,0.0980392,0.137255,0.145098,0.14902,0.156863,0.164706,0.168627,0.192157,0.172549,0.180392,0.180392,0.172549,0.160784,0.145098,0.211765,0.223529,0.203922,0.192157,0.184314,0.160784,0.180392,0.207843,0.2,0.192157,0.184314,0.180392,0.176471,0.180392,0.176471,0.156863,0.133333,0.117647,0.105882,0.137255,0.137255,0.141176,0.152941,0.160784,0.160784,0.172549,0.168627,0.168627,0.172549,0.172549,0.164706,0.14902,0.223529,0.227451,0.207843,0.196078,0.184314,0.156863,0.172549,0.203922,0.188235,0.176471,0.176471,0.180392,0.180392,0.180392,0.176471,0.156863,0.141176,0.12549,0.105882,0.129412,0.129412,0.137255,0.14902,0.156863,0.156863,0.160784,0.168627,0.172549,0.172549,0.172549,0.168627,0.152941,0.235294,0.227451,0.211765,0.196078,0.172549,0.14902,0.180392,0.207843,0.207843,0.2,0.196078,0.192157,0.188235,0.192157,0.196078,0.176471,0.152941,0.133333,0.0980392,0.121569,0.129412,0.137255,0.141176,0.152941,0.160784,0.168627,0.180392,0.180392,0.172549,0.164706,0.160784,0.160784,0.811765,0.882353,0.866667,0.827451,0.823529,0.866667,0.909804,0.827451,0.913725,0.92549,0.870588,0.827451,0.839216,0.854902,0.752941,0.678431,0.643137,0.643137,0.666667,0.647059,0.564706,0.54902,0.54902,0.556863,0.560784,0.545098,0.45098,0.431373,0.439216,0.454902,0.458824,0.427451,0.8,0.772549,0.768627,0.784314,0.815686,0.870588,0.898039,0.862745,0.905882,0.92549,0.886275,0.815686,0.796078,0.847059,0.843137,0.807843,0.745098,0.678431,0.647059,0.705882,0.643137,0.564706,0.517647,0.517647,0.552941,0.537255,0.435294,0.407843,0.443137,0.498039,0.533333,0.490196,0.843137,0.823529,0.823529,0.847059,0.862745,0.87451,0.87451,0.866667,0.882353,0.901961,0.886275,0.811765,0.737255,0.8,0.8,0.776471,0.729412,0.670588,0.631373,0.670588,0.670588,0.639216,0.611765,0.584314,0.545098,0.490196,0.419608,0.372549,0.380392,0.443137,0.505882,0.494118,0.811765,0.85098,0.870588,0.866667,0.847059,0.819608,0.772549,0.756863,0.807843,0.862745,0.866667,0.784314,0.678431,0.717647,0.690196,0.709804,0.752941,0.764706,0.705882,0.65098,0.647059,0.694118,0.705882,0.65098,0.564706,0.458824,0.376471,0.317647,0.301961,0.34902,0.435294,0.47451,0.737255,0.819608,0.839216,0.803922,0.760784,0.729412,0.662745,0.662745,0.74902,0.819608,0.823529,0.768627,0.694118,0.694118,0.639216,0.619608,0.682353,0.776471,0.788235,0.686275,0.639216,0.694118,0.717647,0.686275,0.627451,0.54902,0.439216,0.345098,0.329412,0.352941,0.384314,0.439216,0.670588,0.756863,0.764706,0.709804,0.662745,0.643137,0.623529,0.65098,0.741176,0.776471,0.756863,0.741176,0.737255,0.709804,0.643137,0.533333,0.513725,0.619608,0.729412,0.709804,0.662745,0.654902,0.662745,0.690196,0.72549,0.72549,0.619608,0.478431,0.470588,0.47451,0.419608,0.411765,0.611765,0.690196,0.686275,0.647059,0.611765,0.607843,0.670588,0.662745,0.737255,0.733333,0.666667,0.627451,0.658824,0.647059,0.603922,0.494118,0.415686,0.447059,0.560784,0.65098,0.658824,0.623529,0.603922,0.666667,0.792157,0.819608,0.745098,0.592157,0.592157,0.611765,0.541176,0.454902,0.588235,0.635294,0.631373,0.615686,0.631373,0.678431,0.729412,0.72549,0.721569,0.67451,0.580392,0.490196,0.494118,0.498039,0.447059,0.396078,0.360784,0.4,0.545098,0.603922,0.592157,0.6,0.592157,0.603922,0.670588,0.745098,0.67451,0.611765,0.607843,0.631373,0.631373,0.576471,0.568627,0.584314,0.572549,0.584314,0.615686,0.65098,0.698039,0.65098,0.627451,0.592157,0.52549,0.439216,0.415686,0.415686,0.360784,0.282353,0.262745,0.333333,0.462745,0.560784,0.572549,0.596078,0.592157,0.545098,0.490196,0.513725,0.533333,0.580392,0.607843,0.596078,0.572549,0.588235,0.576471,0.584314,0.6,0.631373,0.654902,0.643137,0.643137,0.588235,0.545098,0.517647,0.501961,0.466667,0.396078,0.329412,0.254902,0.2,0.196078,0.239216,0.298039,0.333333,0.356863,0.419608,0.498039,0.505882,0.419608,0.317647,0.372549,0.494118,0.54902,0.54902,0.552941,0.560784,0.45098,0.435294,0.443137,0.529412,0.607843,0.568627,0.505882,0.482353,0.454902,0.458824,0.466667,0.435294,0.345098,0.211765,0.141176,0.121569,0.12549,0.137255,0.152941,0.156863,0.2,0.282353,0.380392,0.427451,0.372549,0.235294,0.231373,0.317647,0.380392,0.392157,0.4,0.427451,0.345098,0.317647,0.333333,0.419608,0.498039,0.470588,0.403922,0.4,0.360784,0.341176,0.333333,0.301961,0.227451,0.137255,0.121569,0.141176,0.156863,0.152941,0.152941,0.129412,0.12549,0.180392,0.25098,0.286275,0.262745,0.192157,0.184314,0.215686,0.25098,0.266667,0.278431,0.317647,0.317647,0.294118,0.298039,0.337255,0.368627,0.368627,0.345098,0.34902,0.294118,0.239216,0.2,0.164706,0.145098,0.176471,0.219608,0.258824,0.27451,0.27451,0.262745,0.223529,0.160784,0.137255,0.14902,0.172549,0.184314,0.203922,0.207843,0.2,0.2,0.211765,0.227451,0.254902,0.32549,0.305882,0.290196,0.286275,0.290196,0.294118,0.298039,0.301961,0.25098,0.192157,0.141176,0.117647,0.152941,0.262745,0.32549,0.356863,0.364706,0.360784,0.333333,0.301961,0.235294,0.156863,0.117647,0.121569,0.168627,0.247059,0.235294,0.215686,0.2,0.2,0.215686,0.215686,0.298039,0.290196,0.290196,0.298039,0.294118,0.27451,0.254902,0.262745,0.211765,0.164706,0.141176,0.156863,0.215686,0.266667,0.290196,0.337255,0.34902,0.313725,0.258824,0.231373,0.227451,0.196078,0.145098,0.113725,0.14902,0.25098,0.231373,0.219608,0.2,0.2,0.215686,0.196078,0.266667,0.270588,0.278431,0.313725,0.337255,0.294118,0.235294,0.227451,0.180392,0.141176,0.172549,0.258824,0.27451,0.188235,0.164706,0.254902,0.321569,0.27451,0.152941,0.109804,0.156863,0.211765,0.2,0.14902,0.12549,0.203922,0.223529,0.2,0.184314,0.188235,0.192157,0.180392,0.254902,0.27451,0.290196,0.313725,0.317647,0.282353,0.247059,0.2,0.152941,0.133333,0.2,0.305882,0.266667,0.188235,0.2,0.266667,0.317647,0.270588,0.12549,0.152941,0.184314,0.211765,0.235294,0.231373,0.192157,0.160784,0.227451,0.278431,0.254902,0.207843,0.184314,0.2,0.290196,0.278431,0.27451,0.282353,0.290196,0.282353,0.258824,0.25098,0.160784,0.133333,0.211765,0.321569,0.266667,0.203922,0.239216,0.282353,0.317647,0.290196,0.168627,0.235294,0.223529,0.207843,0.243137,0.247059,0.160784,0.14902,0.235294,0.266667,0.266667,0.243137,0.215686,0.211765,0.298039,0.298039,0.290196,0.278431,0.270588,0.262745,0.25098,0.247059,0.152941,0.12549,0.215686,0.337255,0.262745,0.160784,0.219608,0.219608,0.239216,0.262745,0.180392,0.227451,0.243137,0.211765,0.239216,0.25098,0.164706,0.141176,0.235294,0.262745,0.258824,0.223529,0.188235,0.196078,0.294118,0.290196,0.27451,0.266667,0.258824,0.235294,0.243137,0.223529,0.14902,0.12549,0.207843,0.32549,0.266667,0.184314,0.207843,0.184314,0.192157,0.223529,0.196078,0.2,0.211765,0.196078,0.223529,0.227451,0.152941,0.152941,0.235294,0.262745,0.243137,0.203922,0.176471,0.176471,0.294118,0.266667,0.25098,0.254902,0.254902,0.239216,0.247059,0.211765,0.160784,0.133333,0.180392,0.270588,0.266667,0.211765,0.219608,0.184314,0.176471,0.223529,0.25098,0.211765,0.188235,0.188235,0.2,0.188235,0.145098,0.176471,0.247059,0.262745,0.235294,0.196078,0.168627,0.156863,0.301961,0.25098,0.243137,0.254902,0.262745,0.254902,0.254902,0.227451,0.192157,0.145098,0.141176,0.2,0.262745,0.231373,0.25098,0.223529,0.223529,0.286275,0.32549,0.286275,0.239216,0.219608,0.184314,0.141176,0.141176,0.2,0.270588,0.262745,0.227451,0.188235,0.160784,0.137255,0.301961,0.247059,0.227451,0.247059,0.262745,0.254902,0.266667,0.262745,0.243137,0.172549,0.117647,0.145098,0.247059,0.286275,0.290196,0.313725,0.345098,0.368627,0.368627,0.356863,0.329412,0.266667,0.164706,0.0941176,0.12549,0.231373,0.282353,0.258824,0.223529,0.196078,0.172549,0.121569,0.282353,0.239216,0.219608,0.247059,0.282353,0.286275,0.290196,0.286275,0.286275,0.235294,0.156863,0.121569,0.180392,0.219608,0.258824,0.301961,0.32549,0.333333,0.329412,0.286275,0.25098,0.188235,0.12549,0.109804,0.160784,0.239216,0.243137,0.231373,0.219608,0.215686,0.196078,0.12549,0.266667,0.243137,0.219608,0.235294,0.278431,0.294118,0.243137,0.258824,0.282353,0.270588,0.223529,0.152941,0.105882,0.105882,0.121569,0.168627,0.203922,0.207843,0.184314,0.14902,0.113725,0.105882,0.137255,0.172549,0.188235,0.203922,0.215686,0.215686,0.223529,0.207843,0.168627,0.133333,0.239216,0.25098,0.243137,0.247059,0.262745,0.25098,0.219608,0.239216,0.270588,0.266667,0.231373,0.192157,0.129412,0.117647,0.113725,0.117647,0.129412,0.141176,0.113725,0.101961,0.0980392,0.113725,0.152941,0.180392,0.172549,0.176471,0.196078,0.211765,0.207843,0.196078,0.184314,0.160784,0.211765,0.223529,0.235294,0.243137,0.243137,0.219608,0.203922,0.223529,0.243137,0.243137,0.219608,0.192157,0.160784,0.156863,0.152941,0.145098,0.137255,0.133333,0.129412,0.129412,0.129412,0.133333,0.145098,0.156863,0.160784,0.168627,0.176471,0.180392,0.176471,0.172549,0.168627,0.156863,0.203922,0.215686,0.219608,0.215686,0.207843,0.196078,0.192157,0.211765,0.219608,0.215686,0.203922,0.180392,0.168627,0.176471,0.172549,0.164706,0.14902,0.133333,0.129412,0.14902,0.141176,0.137255,0.137255,0.145098,0.156863,0.176471,0.164706,0.172549,0.168627,0.156863,0.145098,0.141176,0.203922,0.219608,0.207843,0.184314,0.176471,0.172549,0.184314,0.207843,0.203922,0.196078,0.188235,0.172549,0.164706,0.176471,0.172549,0.160784,0.145098,0.129412,0.12549,0.14902,0.137255,0.137255,0.137255,0.145098,0.152941,0.180392,0.160784,0.168627,0.164706,0.156863,0.141176,0.129412,0.207843,0.227451,0.2,0.176471,0.164706,0.14902,0.184314,0.203922,0.188235,0.176471,0.172549,0.168627,0.164706,0.168627,0.168627,0.156863,0.145098,0.137255,0.133333,0.14902,0.129412,0.129412,0.133333,0.141176,0.145098,0.160784,0.156863,0.156863,0.156863,0.152941,0.145098,0.137255,0.223529,0.231373,0.203922,0.184314,0.168627,0.145098,0.172549,0.2,0.180392,0.164706,0.164706,0.168627,0.168627,0.168627,0.172549,0.160784,0.152941,0.141176,0.12549,0.137255,0.12549,0.12549,0.133333,0.137255,0.141176,0.14902,0.160784,0.164706,0.160784,0.152941,0.145098,0.141176,0.239216,0.231373,0.211765,0.184314,0.160784,0.141176,0.176471,0.203922,0.196078,0.188235,0.184314,0.180392,0.176471,0.176471,0.192157,0.184314,0.168627,0.14902,0.109804,0.12549,0.129412,0.129412,0.129412,0.137255,0.14902,0.156863,0.168627,0.172549,0.160784,0.145098,0.137255,0.145098
expected output: 3
computed output: 5
#checks: 1
#features: 3072/3072
#fixed features: 0/3072
#terms: 2122
