1
1 2 3 4 5 6 7 8 9 10 12 13 14 15 16 17 18 19 20 21 22 23 24 25 27 28 29 30 31 32 33 34 35 36 38 39 40 41 42 43 44 45 46 47 48 49 50 53 56 57 58 59 60 61 62 64 65 66 67 68 69 70 71 72 74 75 76 77 78 79 80 81 82 83 85 86 87 91 92 93 94 96 97 98 99 100 101 102 103 104 105 106 107 108 109 110 111 112 113 114 115 116 117 118 119 120 121 122 123 124 125 126 127 128 129 130 131 132 133 134 135 136 137 138 139 140 141 142 143 144 145 146 147 153 154 156 157 158 159 160 161 163 164 165 166 168 171 172 173 176 178 179 180 181 183 185 186 187 188 189 191 192 194 0
2 3 4 5 6 7 8 10 11 15 16 18 19 20 21 22 23 24 25 26 28 29 30 31 32 0

2
1 2 3 4 5 6 7 8 9 10 11 12 13 14 15 16 17 18 19 20 21 22 23 24 25 26 27 28 29 30 31 33 34 35 36 37 38 39 40 41 42 43 44 45 46 47 48 49 50 51 52 53 54 55 56 57 58 59 60 61 62 63 64 65 66 67 68 69 70 71 72 73 75 76 78 80 81 82 83 84 86 87 88 89 91 92 93 94 98 99 100 101 102 103 104 105 106 107 108 109 110 112 113 114 115 116 117 119 120 121 122 123 124 125 126 127 128 129 130 131 132 133 134 135 136 138 139 140 141 142 143 144 145 146 147 148 151 152 155 157 158 159 160 161 162 163 164 165 166 167 171 173 174 177 178 179 180 181 184 185 186 187 191 192 0
1 2 4 5 6 7 8 9 10 14 15 16 17 18 19 20 21 22 24 25 26 27 29 30 31 32 0

3
1 2 3 4 5 6 7 8 9 10 11 12 13 14 15 16 17 18 19 21 22 23 24 25 26 27 28 29 30 31 32 33 34 35 36 37 38 39 40 41 42 43 44 45 46 47 48 49 50 52 54 56 58 60 62 63 64 65 66 68 69 71 72 73 74 75 76 77 79 80 81 82 83 84 85 86 87 88 89 90 93 94 95 96 97 99 100 101 102 103 104 105 106 107 108 109 110 111 112 113 114 115 116 117 118 119 120 121 122 123 124 125 126 127 128 129 130 131 132 133 134 135 136 137 138 139 140 141 142 143 144 145 146 147 149 151 155 156 160 161 163 166 167 168 170 171 172 173 174 176 177 178 179 180 187 188 194 0
1 2 3 4 5 6 8 9 11 12 13 14 15 16 17 19 21 23 24 25 26 28 29 32 0

4
1 2 3 4 5 6 7 8 9 10 11 12 13 14 15 16 17 18 19 20 21 22 23 24 25 26 27 28 29 30 31 32 33 34 35 36 37 38 39 40 41 42 43 44 45 46 47 48 49 50 55 56 57 58 61 62 63 64 65 66 67 68 69 71 72 73 74 75 76 77 78 79 80 81 82 83 84 85 86 87 88 89 92 93 94 95 96 97 99 100 101 102 103 104 105 106 107 108 109 110 111 112 113 114 115 116 117 118 119 120 121 122 123 124 125 126 127 128 129 130 131 132 133 134 135 136 138 139 140 141 142 143 144 145 146 147 153 154 158 160 165 166 167 171 172 173 178 179 185 186 192 0
4 5 6 7 10 11 12 13 14 15 16 17 18 19 21 23 24 25 28 29 31 0

5
1 2 3 4 5 6 7 8 9 10 11 12 13 14 15 16 17 19 20 21 22 23 24 25 26 27 28 29 30 31 32 33 34 35 36 37 38 39 40 41 42 43 44 45 46 47 48 49 50 52 54 56 57 58 59 60 61 62 64 65 66 67 68 69 71 72 73 74 75 76 78 79 80 81 82 83 85 86 87 88 92 94 95 96 98 99 100 101 102 103 104 105 106 107 108 109 110 111 112 113 114 115 116 117 118 119 120 121 122 123 125 126 127 128 129 130 131 132 133 134 135 136 137 138 139 140 141 142 143 145 146 147 148 154 157 163 164 165 166 167 170 171 172 173 177 178 179 180 182 186 187 193 194 0
1 2 3 4 5 6 7 9 10 11 13 14 15 18 19 22 23 24 25 26 27 28 29 31 32 0

6
1 2 3 4 5 6 7 8 9 10 12 13 14 15 16 17 18 19 20 21 22 23 24 25 26 27 28 29 31 32 33 34 35 36 37 38 39 40 41 42 43 44 45 46 47 48 49 50 52 53 54 55 56 57 58 59 60 61 62 63 64 66 67 68 71 73 74 75 76 77 78 79 80 81 82 83 84 85 86 87 88 89 90 91 92 93 94 95 98 99 100 101 102 103 104 105 106 107 108 109 110 111 112 113 114 115 116 117 118 119 120 121 122 123 124 125 126 127 128 129 130 131 132 133 134 135 136 137 138 139 140 141 142 143 144 145 146 147 150 157 159 160 162 164 165 166 167 171 172 173 174 177 178 179 180 181 182 184 185 186 188 189 0
1 2 3 4 5 6 7 8 9 12 13 14 15 18 19 20 22 24 25 26 28 29 30 31 32 0

7
1 2 3 4 5 6 7 8 9 10 11 12 13 14 15 16 17 18 19 20 21 22 23 24 25 26 27 28 29 30 31 32 34 35 36 37 38 39 40 41 42 43 44 45 46 47 48 49 50 52 53 54 55 58 60 61 63 64 65 66 67 68 69 70 71 72 73 74 75 77 78 79 81 82 83 84 85 86 88 89 90 91 92 93 94 95 96 97 99 100 101 102 103 104 105 106 107 108 109 110 111 112 113 114 115 116 117 118 119 120 121 122 123 124 125 126 127 128 129 130 131 132 133 134 135 136 138 139 140 141 142 143 144 145 146 147 150 151 152 157 158 159 164 165 166 167 172 173 179 180 183 186 187 190 193 194 0
3 4 5 6 7 8 10 11 12 13 15 17 18 19 20 23 24 27 28 29 31 0

8
1 2 3 4 5 6 7 8 9 10 11 12 13 14 15 16 17 18 19 20 21 22 23 24 25 26 27 28 29 30 31 32 33 34 35 36 37 38 39 40 41 42 43 44 45 46 47 48 49 50 51 54 55 58 59 60 61 62 63 64 65 66 67 68 69 70 71 73 74 75 76 78 79 80 81 82 83 85 86 87 88 89 90 91 92 93 94 95 96 97 98 99 100 101 102 103 104 105 106 107 108 109 110 111 112 113 114 116 117 118 119 120 121 122 123 124 125 126 127 128 129 130 131 132 133 134 135 136 137 138 139 140 141 142 143 144 145 146 147 157 158 159 160 164 165 166 167 170 171 172 173 174 177 178 179 180 184 185 186 187 191 192 193 0
1 3 4 5 6 8 9 10 11 13 14 15 16 17 18 19 20 21 22 23 24 25 26 27 29 30 31 32 0

9
1 2 3 4 5 7 8 9 10 11 12 13 14 15 16 17 18 19 20 21 22 23 24 25 26 27 28 29 30 31 32 33 34 35 36 37 38 39 41 42 43 44 45 46 47 48 49 50 51 56 57 58 59 60 61 62 63 64 65 66 67 70 71 72 73 74 75 76 77 78 79 81 82 83 84 85 86 87 88 89 90 91 92 93 94 95 96 97 98 99 100 101 102 103 104 105 106 107 108 109 110 111 112 113 114 115 116 117 118 119 120 121 122 123 124 125 126 127 128 129 130 132 133 134 135 136 137 138 139 140 141 142 143 144 145 146 147 153 154 158 159 161 165 166 168 171 172 173 179 181 184 186 187 193 0
3 4 5 6 7 8 10 11 12 15 16 17 20 24 25 27 31 0

10
1 2 3 4 5 6 7 8 9 10 11 12 13 14 15 16 17 18 19 20 21 22 23 24 25 26 27 28 29 30 31 32 33 34 35 36 37 38 39 40 41 42 43 44 45 46 47 48 49 50 53 55 57 58 61 62 63 64 65 67 68 69 70 71 72 73 74 75 76 77 78 79 80 81 82 83 84 85 86 87 88 90 92 93 94 95 96 97 98 99 100 101 102 103 104 105 106 107 108 109 110 111 112 113 114 115 116 117 118 119 120 121 122 123 124 125 126 127 128 129 130 131 132 133 134 135 136 138 139 140 141 142 143 144 145 146 147 153 157 159 160 161 164 165 166 167 170 171 172 173 175 177 178 179 180 181 184 185 186 192 0
1 3 5 6 7 8 9 10 11 12 13 14 15 16 17 19 20 21 24 28 29 30 31 32 0

11
1 2 3 4 5 6 7 8 9 11 12 13 14 15 16 17 18 19 20 21 22 23 24 25 26 27 28 29 31 32 33 34 35 36 37 38 39 40 41 42 43 44 45 46 47 48 49 51 53 54 55 56 57 59 60 61 62 63 64 65 66 67 68 69 70 71 72 73 74 75 76 78 79 80 81 82 84 85 86 87 88 89 90 92 93 94 95 96 97 98 99 100 101 102 103 104 105 106 107 108 109 110 111 112 113 114 115 116 117 118 119 120 121 122 123 124 125 126 127 128 129 130 131 132 133 134 135 136 138 139 140 141 142 143 144 145 146 147 150 157 158 159 164 165 166 170 171 172 173 177 178 179 180 181 184 185 186 187 191 192 193 0
1 4 5 6 7 10 13 14 15 16 18 21 22 23 24 25 26 27 29 30 31 32 0

12
1 2 3 4 5 6 7 8 9 10 11 12 13 15 16 17 18 19 20 21 22 23 24 25 26 27 28 29 30 32 33 34 35 36 37 38 39 40 41 42 43 44 45 46 47 48 49 50 51 52 53 54 56 57 58 60 61 62 63 64 65 66 67 68 69 70 73 74 75 76 77 78 79 80 81 82 84 85 86 87 88 90 91 92 93 94 95 96 97 99 100 101 102 103 104 105 106 107 108 109 110 111 112 113 114 115 116 117 118 119 120 121 122 123 124 125 126 127 128 129 130 131 132 133 134 137 138 139 140 141 142 143 144 145 146 147 159 161 164 165 166 167 168 170 171 172 177 178 179 180 184 185 186 0
1 3 5 6 7 9 10 12 15 16 17 18 20 21 22 23 24 26 29 30 32 0

13
1 2 3 4 5 6 7 8 9 10 11 12 13 14 15 16 17 18 19 20 21 22 23 24 25 26 27 28 29 30 31 32 33 34 35 36 37 38 39 40 41 42 43 44 45 46 47 48 49 50 51 52 53 54 57 58 59 60 61 64 65 66 67 68 69 70 71 72 73 74 75 76 77 78 79 80 81 82 83 85 86 87 88 89 90 91 92 93 94 95 96 97 99 100 101 102 103 104 105 106 107 108 109 110 111 112 113 114 115 116 117 118 119 120 121 122 123 124 126 127 128 129 130 131 132 133 134 135 136 137 138 139 140 141 142 143 144 145 146 147 150 156 157 158 159 162 163 164 165 166 171 172 173 177 178 179 180 181 182 184 185 186 187 188 191 192 193 194 0
3 4 5 6 7 12 13 14 15 17 18 22 23 24 25 26 27 28 29 30 31 32 0

14
1 2 3 4 5 6 7 8 9 10 11 12 13 14 15 16 17 18 19 20 21 22 23 24 25 26 27 28 29 30 31 32 33 34 35 36 37 38 39 40 41 42 43 44 45 46 47 48 49 51 53 54 56 57 58 60 61 63 64 65 66 67 68 71 72 73 74 75 76 77 78 80 81 82 83 84 85 86 87 88 89 92 93 94 96 97 99 100 101 102 103 104 105 106 107 108 109 110 111 112 113 114 115 116 117 118 119 120 121 122 123 124 125 126 127 128 129 130 131 132 133 134 135 136 137 138 139 140 141 142 143 144 145 146 147 151 152 158 159 164 165 171 172 173 174 177 178 179 180 181 184 185 186 187 188 0
1 2 3 5 6 7 8 9 11 12 16 17 18 19 20 21 22 24 25 26 28 29 30 31 32 0

15
1 2 3 4 5 7 8 9 10 11 12 13 14 15 16 17 18 19 20 21 22 23 24 25 26 27 28 29 30 31 32 33 34 35 36 37 38 39 40 41 42 43 44 45 46 47 48 49 51 53 54 55 56 57 58 60 61 62 63 64 65 66 67 68 69 70 71 74 75 76 77 78 80 81 83 84 85 86 88 89 91 92 93 94 95 96 97 98 99 100 101 102 103 104 105 106 107 108 109 110 111 112 113 114 115 116 117 118 119 120 121 122 123 124 125 126 127 128 129 130 131 132 133 134 135 136 137 138 139 140 141 142 143 144 145 146 147 152 153 154 158 161 164 165 166 172 173 176 179 181 182 185 186 187 193 0
1 5 6 7 8 10 11 12 15 16 19 20 24 25 0

16
1 2 3 4 5 6 7 8 9 10 11 12 13 14 15 16 17 18 20 21 22 23 24 25 26 27 28 29 30 31 32 34 35 36 37 39 40 41 42 43 44 45 46 47 48 49 50 51 52 54 55 56 57 58 59 60 61 62 63 64 65 66 67 68 69 70 71 72 73 74 75 76 77 78 79 80 82 83 84 85 87 88 89 90 91 92 93 94 95 96 97 98 99 100 101 102 103 104 105 106 107 108 109 110 111 112 113 114 115 116 117 118 119 120 121 123 125 126 127 128 129 130 132 133 134 135 136 137 138 139 140 141 142 143 144 145 146 147 157 158 163 164 165 166 167 169 170 171 172 173 174 179 180 182 183 184 185 186 187 188 191 192 0
1 5 6 8 9 10 11 13 14 15 16 18 19 20 21 22 24 25 27 28 29 31 32 0

17
1 2 3 4 5 6 7 8 9 10 11 12 13 14 15 16 17 18 19 20 21 22 23 24 25 26 27 28 29 31 32 33 34 35 36 37 38 39 40 41 42 43 44 45 46 47 48 49 50 51 52 53 54 55 56 57 59 60 61 62 63 65 66 68 69 71 73 74 75 76 77 78 79 80 81 82 83 84 85 86 87 88 89 90 93 94 95 96 97 98 99 100 101 102 103 104 105 106 107 108 110 111 112 113 114 116 117 119 120 121 122 123 124 125 127 128 129 130 131 132 133 134 135 136 137 138 139 140 141 142 143 144 145 146 147 149 150 156 157 158 159 163 164 165 166 167 168 169 171 172 173 174 175 177 178 179 180 181 184 185 186 0
1 3 5 6 7 8 10 11 13 14 18 21 22 23 24 25 26 27 29 30 31 32 0

18
1 2 3 4 5 6 7 8 9 10 11 12 13 14 15 16 17 18 19 20 21 22 23 24 25 26 27 28 29 30 31 32 33 34 35 36 37 38 40 41 42 43 44 45 46 47 48 49 53 54 56 57 58 59 60 61 62 63 64 65 66 67 68 69 70 71 72 73 74 75 76 77 78 79 80 81 83 85 86 87 88 89 90 91 92 94 96 97 98 99 100 101 102 103 104 105 106 107 108 109 110 111 112 113 114 115 116 117 119 120 121 122 123 124 125 126 127 128 129 130 131 132 133 134 135 136 137 138 139 140 141 142 143 144 145 146 147 151 152 158 160 164 165 166 167 171 172 173 174 175 177 178 179 180 185 186 191 192 193 196 0
2 3 4 5 6 7 8 9 10 11 13 14 15 16 17 18 19 20 22 23 24 26 27 28 32 0

19
1 2 3 4 5 6 7 8 9 10 12 13 14 15 16 17 18 19 20 21 22 23 24 25 26 27 28 29 30 31 32 33 34 35 36 37 38 39 40 41 42 43 44 45 46 47 48 49 50 51 52 53 54 55 56 57 58 59 60 61 62 63 64 65 67 71 73 74 75 76 77 78 79 80 81 82 83 84 85 87 88 89 90 91 92 93 96 97 99 100 101 102 103 104 105 106 107 108 109 111 112 113 114 115 117 118 119 120 121 122 123 124 125 126 127 128 129 130 131 132 133 134 135 136 137 138 139 140 141 142 143 144 145 146 147 148 149 150 151 153 156 157 158 159 164 165 171 172 173 174 178 179 180 181 185 186 187 188 0
1 2 3 4 5 6 7 8 9 10 12 13 14 15 16 18 20 21 22 23 24 26 27 28 29 30 32 0

20
1 2 3 4 5 6 7 8 9 10 11 12 13 14 15 16 17 18 19 20 21 22 23 24 25 26 27 28 29 30 31 32 33 34 35 36 37 38 39 40 41 42 43 44 45 46 47 48 49 50 51 52 57 60 61 62 63 64 66 67 68 69 70 71 72 73 74 75 76 77 78 80 81 82 83 84 85 87 88 89 90 91 92 93 94 95 96 97 98 99 100 101 102 103 104 105 106 107 108 109 110 111 112 113 114 115 116 117 118 119 120 121 122 123 124 125 126 127 128 129 130 131 132 133 134 135 136 138 139 140 141 142 143 144 145 146 147 148 157 165 166 167 171 172 173 178 179 180 181 184 185 186 192 0
2 4 5 6 8 9 10 12 13 14 15 20 22 23 24 25 27 30 31 32 0

21
1 2 3 4 5 6 7 8 9 10 11 12 13 14 15 16 17 18 19 20 21 22 23 24 25 26 27 28 29 30 31 32 33 34 35 36 37 38 39 40 41 42 43 44 45 46 47 48 49 54 57 58 59 61 62 63 64 65 66 67 68 69 70 71 72 73 74 75 76 77 78 80 82 83 84 85 86 89 90 91 92 93 96 97 99 100 101 102 103 104 105 106 107 108 109 110 111 112 113 114 115 116 117 118 119 120 121 122 123 124 125 126 127 128 129 130 131 132 133 134 135 136 137 138 139 140 141 142 143 144 145 146 147 152 155 156 159 160 162 163 165 166 167 169 170 171 172 173 176 177 178 179 180 181 186 187 188 194 0
3 5 6 8 9 10 11 13 14 17 20 21 24 25 29 30 32 0

22
1 2 3 4 5 6 7 8 9 10 11 12 13 14 15 16 17 18 19 20 21 22 23 24 25 26 27 28 29 30 31 32 33 35 36 37 38 39 40 41 42 43 44 45 46 47 48 49 54 56 57 59 60 61 62 63 64 65 66 67 68 69 71 72 73 74 75 76 77 78 79 80 81 82 83 84 85 86 87 88 90 91 92 93 94 95 96 97 98 99 100 101 102 103 104 105 106 107 108 109 110 111 112 113 114 115 116 117 118 119 120 121 122 123 124 125 126 127 128 129 130 131 132 133 134 135 136 137 138 139 140 141 142 143 144 145 146 147 152 157 159 160 163 164 165 166 167 171 172 173 174 175 176 177 178 180 181 182 184 185 186 187 192 0
1 2 4 5 6 7 9 10 11 16 17 18 19 21 22 24 26 27 29 30 31 32 0

23
1 2 3 4 5 6 7 8 9 10 11 12 13 14 15 16 17 20 21 22 23 25 26 27 28 29 30 31 32 33 34 35 36 37 38 39 40 41 42 43 44 45 46 47 48 49 54 55 56 58 59 60 61 62 63 64 65 66 67 68 69 70 71 72 73 74 75 76 77 78 79 80 81 82 83 84 85 86 87 88 89 91 92 93 94 95 96 97 98 99 100 101 102 103 104 105 106 107 108 109 110 111 112 113 114 115 116 117 118 119 120 121 122 123 124 125 126 127 128 129 130 131 132 133 134 135 136 137 138 139 140 141 142 143 144 145 146 147 148 157 158 159 160 162 164 165 166 167 171 172 173 178 179 180 185 186 187 190 192 193 196 0
2 4 5 6 8 9 11 13 14 15 18 19 21 22 23 24 25 26 27 28 30 31 32 0

24
1 2 3 4 5 6 7 8 9 10 11 12 13 14 15 16 17 18 19 20 21 22 23 24 25 26 27 28 29 30 31 33 34 35 36 37 38 39 40 41 42 43 44 45 46 47 48 49 50 51 52 53 54 55 57 58 59 60 61 62 63 64 65 66 67 68 69 71 72 73 74 75 76 77 78 80 81 83 84 85 86 87 88 89 91 92 93 94 95 96 97 98 99 100 101 102 103 104 105 106 107 108 109 110 111 112 113 114 115 116 117 118 119 120 121 122 123 125 126 127 128 129 130 131 132 133 134 135 136 137 138 139 140 141 142 143 144 145 146 147 152 153 158 160 165 166 167 171 172 173 177 178 179 185 186 191 192 196 0
1 4 5 6 7 10 11 12 13 14 15 16 18 19 20 21 23 24 28 0

25
1 2 3 4 5 6 7 8 9 10 11 12 13 14 15 16 17 18 19 20 21 22 23 24 25 26 27 28 29 30 31 32 33 34 35 36 37 38 39 40 41 42 43 44 45 46 47 48 49 50 51 52 53 54 56 58 59 61 63 65 66 67 68 71 72 73 74 75 76 78 79 80 81 82 83 84 85 86 87 88 89 90 92 93 95 97 98 99 100 101 102 103 104 105 106 107 108 109 110 111 112 113 114 115 116 117 118 119 120 121 122 123 124 125 126 127 128 129 132 133 134 135 136 137 138 139 140 141 142 143 144 145 146 147 150 152 154 156 158 159 163 165 166 170 171 172 173 177 178 179 180 181 184 185 186 187 188 0
1 2 3 4 5 6 7 8 9 11 12 13 17 19 20 23 24 27 28 29 30 32 0

26
1 2 3 4 5 6 7 8 9 10 11 12 13 14 15 16 17 18 19 20 21 22 23 24 25 26 27 28 29 30 31 32 34 35 36 37 38 40 41 42 43 44 45 46 47 48 49 50 51 52 53 56 57 58 59 60 61 62 63 64 65 66 67 68 69 71 72 73 74 75 76 77 78 79 80 81 82 83 84 85 87 88 90 91 92 93 94 95 96 97 98 99 100 101 102 103 104 105 106 107 108 110 111 112 113 114 115 116 117 118 119 120 121 122 123 124 125 126 127 128 129 130 131 132 133 134 135 136 137 138 139 140 141 142 143 144 145 146 147 151 152 156 157 158 159 160 163 164 165 166 167 168 170 171 172 173 176 178 179 180 181 182 184 185 186 187 188 191 192 196 0
1 2 3 4 5 6 7 10 11 12 13 14 15 16 18 19 21 22 23 24 25 26 27 28 29 31 32 0

27
1 2 3 4 5 6 7 8 9 10 11 12 13 14 15 16 17 18 19 20 21 22 23 24 25 26 27 28 29 30 31 32 33 34 35 36 37 38 39 40 41 42 43 44 45 46 47 48 49 50 51 52 53 55 56 57 58 59 61 62 63 64 65 66 67 68 70 71 72 73 74 75 76 77 78 81 82 83 84 85 86 87 88 89 90 93 94 95 96 97 99 100 101 102 103 104 105 106 107 108 109 110 111 112 113 114 115 116 118 119 120 121 123 124 125 126 127 128 129 130 131 132 133 134 135 136 137 138 139 140 141 142 143 144 145 146 147 150 151 153 157 158 159 164 165 166 168 170 171 172 173 174 178 179 180 181 186 187 193 0
1 2 3 4 5 6 7 9 11 12 13 14 16 17 18 19 20 24 25 26 27 28 29 30 31 32 0

28
1 2 3 4 5 6 7 8 11 12 13 14 15 16 17 18 19 21 22 23 24 26 27 28 29 30 31 32 33 34 35 36 37 38 39 40 41 42 43 44 45 46 47 48 49 50 53 54 55 56 57 58 59 60 61 62 63 64 65 66 67 68 69 72 73 74 75 76 79 80 81 82 83 85 86 87 88 89 90 91 92 93 94 95 96 97 98 99 100 101 102 103 104 105 106 107 108 109 110 111 112 113 114 115 117 118 119 120 121 122 123 124 125 126 127 128 129 130 131 132 133 134 135 136 137 138 139 140 141 142 143 144 145 146 147 156 158 159 163 164 165 166 167 168 171 172 173 174 176 177 178 179 180 181 183 184 186 187 188 190 191 192 193 0
4 5 6 7 9 14 15 16 17 18 19 20 21 22 24 25 26 27 29 30 31 32 0

29
1 2 3 4 5 6 7 8 9 10 11 12 13 14 15 16 17 18 19 20 21 22 23 24 25 26 27 28 29 30 31 32 33 34 35 36 37 38 39 40 41 42 43 44 45 46 47 48 49 50 53 54 57 58 59 60 61 62 64 65 66 67 68 69 70 72 73 74 76 78 79 80 81 82 83 84 85 86 88 89 90 94 95 96 97 98 99 100 101 102 103 104 105 106 107 108 109 110 111 112 113 114 115 116 117 118 119 120 121 122 123 124 125 126 127 128 129 130 131 132 133 134 135 136 137 138 139 140 141 142 143 144 145 146 147 151 155 156 157 158 159 160 162 163 164 165 166 167 172 173 174 178 179 180 184 185 186 187 188 189 192 193 194 195 0
2 4 5 6 7 8 9 11 13 15 18 19 20 21 22 24 26 27 29 30 31 32 0

30
1 2 3 4 5 6 7 8 9 10 11 12 13 14 15 16 17 18 20 21 22 23 24 25 26 27 28 29 30 31 32 33 34 35 36 37 38 39 40 41 42 43 44 45 46 47 48 49 50 51 52 53 54 55 57 58 59 60 62 63 65 66 67 68 69 70 71 72 73 74 75 77 78 79 80 81 82 83 84 85 87 88 89 90 91 92 96 98 99 100 101 102 103 104 105 106 107 108 109 110 111 112 113 114 115 116 117 118 119 120 121 123 124 125 126 127 128 129 130 131 132 133 134 135 136 137 138 139 140 141 142 143 144 145 146 147 151 153 156 159 162 164 165 166 167 169 170 171 172 173 177 178 179 183 184 185 186 187 189 192 0
1 4 5 6 7 8 9 10 11 13 14 15 16 17 18 19 20 21 22 23 24 25 28 29 32 0

31
1 2 3 4 5 6 7 8 9 10 11 12 13 14 15 16 17 18 20 21 22 23 24 25 26 27 28 29 30 31 33 34 35 36 37 38 39 40 41 42 43 44 45 46 47 48 49 50 51 52 53 54 55 56 57 58 59 60 61 62 63 64 65 66 67 68 69 70 71 73 74 75 76 77 78 79 80 81 82 83 84 85 86 87 88 89 90 92 93 94 95 96 99 100 101 102 103 104 105 106 107 108 109 110 111 112 113 114 115 116 117 118 119 120 121 122 123 124 125 126 127 128 129 130 132 133 134 135 136 137 138 139 140 141 142 143 144 145 146 147 155 158 162 163 164 165 166 171 172 173 174 178 179 180 181 186 187 188 190 192 0
1 3 5 6 7 8 10 11 12 13 14 15 16 17 18 19 20 21 22 24 25 26 27 28 29 30 31 32 0

32
1 2 3 4 5 6 7 8 9 10 11 12 13 14 15 16 17 18 19 20 21 22 23 24 25 26 27 28 29 30 31 32 33 34 35 36 38 39 40 41 42 43 44 45 46 47 48 49 54 57 60 61 62 63 64 65 67 68 69 70 71 72 73 74 77 78 79 80 81 83 84 85 86 87 88 89 90 91 92 93 94 97 98 99 100 101 102 103 104 105 106 107 108 109 111 112 113 114 115 116 118 119 120 121 122 123 124 125 126 127 128 129 130 131 132 133 134 135 136 137 138 139 140 141 142 143 144 145 146 147 148 158 159 160 165 166 167 168 170 171 172 173 174 177 178 179 180 184 185 186 187 191 192 193 0
1 3 4 5 6 7 8 10 12 13 14 15 16 17 18 20 21 22 23 24 25 26 27 29 30 31 0

33
1 2 3 4 5 6 7 8 9 10 12 13 14 15 16 17 18 19 20 21 22 23 24 25 26 27 28 29 30 31 32 33 35 36 37 38 39 40 41 42 43 44 45 46 47 48 49 50 53 54 55 57 60 63 64 66 67 69 70 71 73 74 75 76 77 80 82 83 85 86 87 88 89 91 92 93 96 97 99 100 101 102 104 105 106 107 108 109 110 111 112 113 114 115 116 117 118 119 120 121 122 123 124 125 126 127 128 129 130 131 132 133 134 135 136 137 138 139 140 141 142 143 144 145 146 147 151 152 153 157 158 164 165 169 171 172 173 174 178 179 180 181 185 186 187 0
1 2 3 4 5 6 7 12 16 17 18 21 22 24 26 27 28 29 30 32 0

34
1 2 3 4 5 6 7 8 9 10 11 13 14 15 16 17 18 19 20 21 22 23 24 25 26 27 28 29 30 31 32 33 34 35 36 37 38 39 40 41 42 43 44 45 46 47 48 49 50 57 59 60 61 63 64 66 67 68 69 72 73 74 75 76 77 78 80 81 82 84 85 86 87 88 89 90 91 92 93 94 95 96 97 98 99 100 101 102 103 104 105 106 107 108 109 110 111 112 113 114 115 117 118 119 120 121 122 123 124 125 126 127 128 129 130 131 132 133 134 135 136 138 139 140 141 142 144 145 146 147 148 157 158 165 166 167 171 172 173 175 178 179 180 184 185 186 191 192 0
1 4 5 6 8 9 10 12 13 14 15 19 20 22 23 24 25 26 27 30 31 32 0

35
1 2 3 4 5 6 7 8 9 10 11 12 13 14 15 16 17 18 19 20 21 22 23 24 25 26 27 28 29 30 31 32 33 34 35 36 37 38 39 40 41 42 43 44 45 46 47 48 49 50 51 52 53 54 56 58 59 60 61 62 63 64 65 66 67 68 69 70 71 72 73 74 75 76 77 78 79 80 81 82 83 84 85 86 87 88 89 90 91 92 93 94 95 97 98 99 100 101 102 103 104 105 106 107 108 109 110 112 113 114 115 116 118 119 120 121 122 123 124 126 127 128 129 130 132 133 134 135 136 137 138 139 140 141 142 143 144 145 146 147 150 151 153 156 158 159 160 161 164 165 166 167 170 171 172 173 174 178 179 180 181 185 186 187 188 192 193 0
2 4 5 6 7 8 9 11 12 14 15 16 17 18 19 20 22 24 26 27 28 29 30 31 32 0

36
1 2 3 4 5 6 7 8 9 10 11 12 14 15 16 17 19 20 21 22 23 26 27 28 29 31 32 33 34 35 36 37 38 39 40 41 42 43 44 45 46 47 48 49 50 52 54 56 58 59 60 61 62 63 64 65 66 67 68 69 71 72 73 74 75 77 78 79 80 81 82 85 86 87 90 91 92 93 94 95 96 97 98 99 100 101 102 103 104 105 106 107 108 109 110 111 112 113 114 115 116 117 118 119 120 121 122 123 124 125 126 127 128 129 130 131 132 133 134 135 136 138 139 140 141 142 143 144 145 146 147 152 158 160 161 164 165 166 167 168 171 172 173 177 178 179 180 184 185 186 0
1 3 5 6 7 9 10 12 16 17 20 21 22 23 24 26 29 30 32 0

37
1 2 3 4 5 6 7 8 9 10 11 12 13 14 15 16 17 18 19 20 21 22 23 24 25 26 27 28 29 30 31 32 33 34 35 36 37 38 39 40 41 42 43 44 45 46 47 48 49 50 51 53 54 55 57 58 59 60 61 63 64 66 67 68 69 71 73 74 75 76 77 79 80 81 82 83 84 87 88 89 90 91 92 95 96 97 98 99 100 101 102 103 104 105 106 107 108 109 110 111 112 113 114 115 116 117 118 119 120 121 122 123 124 125 126 127 128 129 130 131 132 133 134 135 136 137 138 139 140 141 142 143 144 145 146 147 157 158 159 164 165 166 171 172 173 178 179 181 182 185 186 187 188 192 0
1 2 3 4 5 6 7 8 10 12 14 17 18 19 21 23 24 26 27 28 29 30 31 32 0

38
1 2 3 4 5 6 7 8 9 10 11 12 13 14 15 16 17 18 20 21 22 23 24 25 26 27 28 29 30 31 32 33 34 35 36 37 38 39 40 41 42 43 44 45 46 47 48 49 50 52 53 55 56 57 58 59 60 61 62 63 64 66 67 68 69 70 71 72 73 74 75 76 77 78 79 80 81 82 83 84 85 86 87 88 89 90 91 92 93 94 96 97 98 99 100 101 102 103 104 105 106 107 108 109 111 112 113 114 115 116 117 118 119 120 121 122 123 124 125 126 127 128 129 130 131 132 133 134 135 136 137 138 139 140 141 142 143 144 145 146 147 151 158 159 160 163 165 166 167 171 172 173 174 176 177 178 179 180 181 184 185 186 187 188 191 192 0
1 2 4 5 6 7 8 11 12 14 16 18 19 21 22 24 26 27 28 29 30 31 32 0

39
1 2 3 4 5 6 7 8 10 11 12 13 14 15 16 17 18 19 20 21 22 23 24 25 26 27 28 29 30 31 32 33 34 35 36 37 38 39 40 41 42 43 44 45 46 47 48 49 50 53 54 57 58 59 60 61 62 63 64 65 66 67 68 69 70 71 72 73 74 75 76 77 79 80 81 82 85 86 87 88 89 90 92 93 94 95 96 97 98 99 100 101 102 103 104 105 106 107 108 109 110 111 112 113 114 115 116 117 118 119 120 121 122 123 124 125 126 127 128 129 130 131 132 133 134 136 137 138 139 140 141 142 143 144 145 146 147 152 156 163 164 165 166 170 171 173 174 175 177 178 179 180 181 184 186 187 193 196 0
1 3 5 6 7 9 10 11 12 13 14 15 17 18 19 20 21 22 23 24 25 27 28 31 32 0

40
1 2 3 4 5 6 7 8 9 10 11 12 13 14 15 16 17 19 20 21 22 23 24 25 26 27 28 29 30 31 32 33 34 35 36 37 38 39 40 41 42 43 44 45 46 47 48 49 50 51 52 53 54 55 56 57 58 59 60 61 62 63 64 66 67 68 69 70 71 72 73 74 75 76 77 78 79 80 81 82 83 85 86 87 88 89 91 92 93 94 95 96 97 98 99 100 101 102 103 104 105 106 107 108 109 110 111 112 113 114 115 116 117 118 119 120 121 122 123 124 125 126 127 128 129 131 132 133 134 135 136 137 138 139 140 141 142 143 144 145 146 147 149 151 152 155 157 158 159 165 166 167 171 172 173 174 177 178 179 180 181 185 186 187 193 0
1 2 3 5 6 7 8 10 11 12 14 15 16 17 19 20 21 22 23 24 25 26 27 28 29 30 31 32 0

41
1 2 3 4 5 6 7 8 9 10 11 12 13 14 15 16 17 18 19 20 21 22 23 24 25 26 27 28 29 30 31 32 33 34 35 36 37 38 39 40 41 42 43 44 45 46 47 48 49 55 57 58 60 61 62 63 64 65 66 67 68 69 70 74 75 76 77 78 81 82 83 84 85 86 88 90 91 92 93 94 95 96 97 98 99 100 101 102 103 104 105 106 107 108 109 111 112 113 114 115 116 118 119 120 121 122 123 124 125 126 127 128 129 130 131 132 133 134 135 136 137 138 139 140 141 142 143 144 145 146 147 159 160 161 165 166 167 168 171 172 173 178 179 180 181 186 192 193 0
2 5 6 7 8 9 10 12 14 15 21 24 25 31 0

42
1 2 3 4 5 6 7 8 9 10 11 13 14 15 16 17 18 19 20 21 22 23 24 25 26 27 28 29 30 31 32 33 34 35 36 37 38 39 40 41 42 43 44 45 46 47 48 49 50 53 54 57 59 60 61 62 63 64 65 66 67 68 69 70 71 73 74 75 76 77 78 79 80 81 82 83 84 85 86 87 88 89 90 91 92 93 94 95 96 97 98 99 100 101 102 103 104 105 106 107 108 109 110 111 112 113 114 115 116 117 118 119 120 121 122 123 124 125 126 127 128 129 130 131 132 133 134 135 136 137 138 139 140 141 142 143 144 145 146 147 148 152 157 158 159 160 164 165 166 167 171 172 173 175 178 179 180 184 185 186 187 191 192 0
2 3 4 5 6 7 13 14 15 16 17 18 19 20 21 22 23 24 25 26 27 29 30 31 32 0

43
1 2 3 4 5 6 7 8 9 10 11 12 13 14 15 16 17 18 19 20 21 22 23 24 25 26 27 28 29 30 31 32 33 34 35 36 37 38 39 40 41 42 43 44 45 46 47 48 49 50 52 55 56 57 58 60 61 62 63 64 65 66 67 68 69 70 71 72 73 74 75 76 77 78 81 82 83 84 85 86 88 89 90 91 92 93 95 96 97 98 99 100 101 102 103 104 105 106 107 108 109 111 112 113 114 115 117 118 119 120 121 122 123 124 125 126 127 128 129 130 131 132 133 134 135 136 137 138 139 140 141 142 143 144 145 146 147 152 157 158 159 163 164 165 166 170 171 172 173 176 179 180 181 182 184 186 192 193 0
5 6 7 8 9 10 11 12 13 14 15 16 17 18 20 21 22 24 25 27 31 32 0

44
1 2 3 4 5 6 7 8 9 10 12 13 14 15 16 17 18 19 20 21 22 23 24 25 26 27 28 29 30 31 32 33 34 35 36 37 38 39 40 41 42 43 44 45 46 47 48 49 50 55 56 57 58 59 60 61 62 63 64 65 66 67 68 69 70 71 72 73 74 75 76 78 80 81 82 84 85 86 87 88 89 90 91 92 93 94 95 96 97 99 100 101 102 103 104 105 106 107 108 109 110 111 112 113 114 115 116 117 118 119 120 121 122 123 124 125 126 127 128 129 130 131 132 133 134 135 136 137 138 139 140 141 142 143 144 145 146 147 148 157 158 159 160 162 164 165 166 171 172 173 178 179 180 185 186 192 193 0
1 2 3 4 5 6 8 9 11 14 15 16 17 18 19 20 22 23 24 25 27 30 31 32 0

45
1 2 3 4 5 6 7 8 9 10 11 12 13 14 15 16 17 18 19 20 21 22 23 24 25 26 27 28 29 30 31 32 33 34 35 36 37 38 40 41 42 43 44 45 46 47 48 49 50 51 52 53 54 55 56 58 59 60 61 63 66 67 68 69 70 72 73 74 75 76 78 79 81 82 83 84 85 86 87 88 89 92 93 94 95 96 97 99 100 101 102 103 104 105 106 107 108 109 110 111 112 113 114 115 116 117 118 119 120 121 122 123 124 125 126 127 128 129 131 132 133 134 135 136 137 138 139 140 141 142 143 145 146 147 149 150 152 153 154 156 157 158 163 164 165 166 171 172 173 178 179 180 181 185 186 187 191 192 193 0
1 2 3 4 5 6 7 8 9 11 12 13 14 15 16 17 18 19 21 22 23 24 26 28 29 30 31 32 0

46
1 2 3 4 5 6 7 8 9 10 11 12 13 14 15 16 17 18 19 20 21 22 23 24 25 26 27 28 29 30 31 32 33 34 35 36 37 38 39 40 41 42 43 44 45 46 47 48 49 50 57 58 59 60 61 62 63 65 66 67 68 69 71 72 73 74 75 77 78 79 81 82 84 85 87 88 89 90 91 92 94 95 96 97 98 99 100 101 102 103 104 105 106 107 108 109 110 111 112 113 114 115 116 117 118 119 120 121 122 123 124 125 126 127 128 129 130 132 133 134 135 136 137 138 139 140 141 142 143 144 145 146 147 157 159 164 165 166 167 171 172 173 177 178 179 180 181 185 186 187 192 193 0
2 3 5 6 8 9 10 11 13 14 15 16 19 20 22 23 24 25 30 32 0

47
1 2 3 4 5 6 7 8 9 10 11 13 14 15 17 18 19 20 21 22 23 24 25 26 27 28 29 30 31 32 34 35 36 37 38 40 41 42 43 44 45 46 47 48 49 51 52 56 57 58 59 60 61 62 64 65 66 68 69 70 71 72 73 74 75 76 79 80 81 82 83 87 88 89 90 92 94 95 96 97 99 100 101 102 103 104 105 106 107 108 109 110 111 112 113 114 115 116 117 118 119 120 121 122 123 125 126 127 128 129 130 131 132 133 134 135 136 137 138 139 140 141 142 143 144 145 146 147 157 158 159 160 161 164 165 166 167 170 171 172 173 178 179 180 181 185 187 192 193 194 0
1 2 3 4 5 6 12 13 14 15 16 17 18 19 20 22 23 24 25 26 27 28 29 30 31 32 0

48
1 2 3 4 5 6 7 8 9 10 11 12 13 14 15 16 17 18 19 20 21 22 23 25 26 27 28 29 30 31 32 33 34 35 36 37 38 39 40 41 42 43 44 45 46 47 48 49 51 52 53 54 55 56 57 58 59 60 61 62 63 64 65 66 67 68 69 70 72 73 74 76 78 79 80 81 82 83 84 85 86 87 88 89 90 91 93 94 95 96 97 98 99 100 101 102 103 104 105 106 107 108 109 110 111 112 113 114 115 116 117 118 119 120 121 122 123 124 125 126 127 128 130 131 132 133 134 135 137 138 139 140 141 142 143 144 145 146 147 159 160 161 164 165 166 167 168 171 177 178 179 180 184 185 186 187 191 192 0
3 4 5 6 7 13 14 16 20 21 22 24 26 29 30 31 32 0

49
1 2 3 4 5 6 7 8 9 10 11 12 13 14 15 16 17 18 19 20 21 22 23 24 25 26 27 28 29 30 31 32 33 34 35 36 37 38 39 40 41 42 43 44 45 46 47 48 49 50 51 52 53 54 55 56 57 59 60 61 62 63 64 66 67 68 70 72 73 74 75 76 78 80 81 82 85 86 87 88 89 90 91 92 93 94 95 96 98 99 100 101 102 103 104 105 106 107 108 109 110 111 112 113 114 115 116 117 118 119 120 121 122 123 124 125 126 127 128 129 130 132 133 134 135 136 137 138 139 140 141 142 143 144 145 146 147 151 152 157 158 159 160 164 165 166 171 172 179 180 183 185 187 192 193 194 0
1 3 4 5 6 7 9 10 11 14 15 17 18 20 21 22 24 25 26 28 30 32 0

50
1 2 3 4 5 6 7 8 9 11 12 13 14 15 16 17 18 19 20 21 22 23 24 25 26 27 28 29 30 31 32 33 34 35 36 37 38 39 40 41 42 43 44 45 46 47 48 49 50 51 52 54 55 56 57 58 59 60 61 62 63 64 65 66 67 68 69 70 71 72 73 74 75 77 78 79 81 82 83 84 85 86 87 88 89 91 92 93 94 95 96 97 98 99 100 101 102 103 104 105 106 107 108 109 110 111 112 113 114 115 117 118 119 120 121 122 123 124 125 126 127 128 129 130 131 132 133 134 135 138 139 140 141 142 143 144 145 146 147 150 157 158 159 160 162 163 164 165 166 167 171 172 173 177 178 179 181 182 184 185 186 187 191 192 193 0
1 3 4 5 6 7 14 15 16 17 18 20 21 22 23 24 25 26 27 29 30 31 32 0

51
1 2 3 4 5 6 7 8 9 10 11 12 13 14 15 16 17 19 20 21 22 23 24 25 26 27 28 29 30 31 32 33 34 35 36 37 38 40 41 42 43 44 45 46 47 48 49 50 51 52 53 56 58 59 60 61 62 63 64 65 66 67 68 69 71 72 73 74 75 76 78 79 80 81 82 83 84 85 86 87 88 89 91 92 93 94 95 96 97 98 99 100 101 102 103 104 105 106 107 108 109 110 111 112 113 114 115 116 117 118 119 120 121 122 124 125 126 127 128 129 130 131 132 133 134 135 136 137 139 140 141 142 144 145 146 147 150 151 152 157 158 159 164 165 166 171 172 173 174 179 180 181 184 185 186 187 188 192 0
1 4 5 6 7 15 17 18 22 24 25 26 27 29 30 31 32 0

52
1 2 3 4 5 6 7 8 9 10 11 12 13 14 15 16 17 18 19 20 21 22 23 24 25 26 27 28 29 30 31 32 33 34 35 36 37 38 39 40 41 42 43 44 45 46 47 48 49 50 52 57 59 60 61 62 63 64 65 66 67 68 69 70 71 73 74 75 76 77 79 80 81 82 83 84 85 86 87 88 89 90 91 92 93 94 95 97 99 100 101 102 103 104 105 106 107 108 109 111 112 113 114 115 116 117 118 119 120 121 122 123 124 125 126 127 128 129 130 131 132 133 134 135 136 137 138 139 140 141 142 143 144 145 146 147 148 149 150 151 156 157 158 159 160 163 164 165 166 167 170 171 172 173 174 176 177 178 179 180 181 182 184 185 186 187 188 191 192 193 0
1 4 5 6 7 8 9 10 14 15 16 17 18 19 21 22 24 26 27 29 30 31 32 0

53
1 2 3 4 5 6 7 8 9 11 12 13 14 15 16 17 18 19 20 21 22 23 24 25 26 27 28 29 30 31 32 33 34 35 36 37 38 39 40 41 42 43 44 45 46 47 48 49 50 51 52 56 57 58 59 60 61 62 63 64 65 66 67 68 69 71 72 73 74 75 76 77 78 81 82 83 84 85 86 87 88 89 90 91 92 93 94 95 96 97 98 99 100 101 102 103 104 105 106 107 108 109 110 111 112 113 114 115 116 117 118 119 120 121 122 123 124 126 127 128 129 130 131 132 133 134 135 136 137 138 139 140 141 142 143 144 145 146 147 156 157 162 163 164 165 166 167 170 171 172 173 174 180 182 184 186 187 192 193 194 0
1 4 5 6 7 8 9 11 12 13 14 15 16 17 18 19 20 22 23 24 25 27 30 31 32 0

54
1 2 3 4 5 6 7 8 9 10 11 13 14 15 16 17 18 19 20 21 22 23 24 25 28 29 30 31 32 33 34 35 36 37 39 40 41 42 43 44 45 46 47 48 49 50 51 53 54 55 56 57 58 59 60 61 62 63 64 66 67 68 69 70 71 72 73 74 75 76 77 78 79 80 81 82 83 87 88 92 93 94 95 96 97 99 100 101 102 103 104 105 106 107 108 109 110 111 112 113 114 115 116 117 118 119 120 121 122 123 124 125 126 127 128 129 130 131 132 133 134 135 136 137 138 139 140 141 142 143 144 145 146 147 152 158 159 160 164 165 166 168 171 172 173 174 175 177 178 179 180 182 184 185 186 191 192 0
2 3 5 6 9 11 12 13 14 19 21 24 25 29 30 32 0

55
1 2 3 4 5 6 7 8 9 10 11 12 14 15 16 17 18 19 20 21 22 23 24 25 26 27 28 29 30 31 33 34 35 36 37 38 39 40 41 42 43 44 45 46 47 48 49 50 51 52 54 55 56 57 59 60 61 62 63 64 65 66 67 68 69 70 71 73 74 75 76 77 78 81 82 83 84 85 86 88 89 90 91 92 93 95 96 99 100 101 102 103 104 105 106 107 108 109 110 111 112 113 114 115 116 117 118 119 120 122 123 124 125 126 127 128 129 130 132 133 134 135 136 137 138 139 140 141 142 143 144 145 146 147 150 151 156 159 160 161 163 164 165 166 167 168 169 170 171 172 173 174 177 178 179 180 181 184 186 187 192 193 194 0
1 3 4 5 6 7 9 11 12 13 14 16 18 19 20 21 24 25 26 27 28 29 30 32 0

56
1 2 3 4 5 6 7 8 9 10 11 12 13 14 15 16 17 18 19 21 22 23 24 25 26 27 28 29 30 31 32 33 34 35 36 37 38 39 40 41 42 43 44 45 46 47 48 49 50 51 53 55 56 57 58 59 60 61 62 63 64 65 66 67 68 69 70 71 72 73 74 75 76 77 78 80 81 82 83 84 85 86 87 88 89 90 91 92 93 94 95 97 98 99 100 101 102 103 104 105 106 107 108 109 110 111 112 113 114 115 116 118 119 120 121 122 123 124 125 126 127 128 129 130 131 132 133 134 135 136 137 138 139 140 141 142 143 144 145 146 147 148 149 157 158 159 160 161 162 164 165 166 167 171 172 173 174 177 178 179 180 185 186 187 191 192 193 0
2 3 4 5 6 7 9 13 14 15 16 17 18 19 20 21 22 23 24 25 26 27 30 32 0

57
1 2 3 4 5 7 8 9 11 12 13 14 15 16 17 18 19 20 21 22 23 24 25 26 27 28 29 30 31 32 33 34 35 36 37 38 39 40 42 43 44 45 46 47 48 49 51 52 53 54 55 57 58 59 60 61 62 63 64 66 67 68 69 71 72 73 74 75 76 77 79 80 81 82 83 84 86 87 88 89 90 91 92 93 94 95 96 97 98 99 100 101 102 103 104 105 106 107 108 111 112 113 114 115 116 117 118 119 120 121 122 123 124 125 126 127 128 129 130 131 132 133 134 135 136 138 140 141 142 143 144 145 146 147 150 151 156 157 158 163 164 165 166 167 168 170 171 173 174 175 176 177 178 179 181 182 184 185 187 188 192 193 194 0
1 2 4 5 6 7 8 9 10 12 13 14 15 16 17 18 19 20 22 24 26 27 29 30 31 32 0

58
1 2 3 4 5 6 7 8 9 10 11 12 13 14 15 16 17 18 19 20 21 22 23 24 25 26 27 28 29 30 31 32 33 34 35 36 37 38 39 40 41 42 43 44 45 46 47 48 49 50 51 52 53 54 56 57 58 59 60 61 62 63 64 65 66 68 69 72 73 74 75 77 78 80 82 85 87 88 89 90 91 92 93 94 95 96 97 98 99 100 101 102 103 104 105 106 107 108 109 110 111 112 113 114 115 116 117 118 119 120 121 122 123 124 125 126 127 128 129 130 131 132 133 134 135 136 137 138 139 140 141 142 143 144 145 146 147 148 158 159 164 165 166 167 171 172 173 175 178 179 180 186 192 193 0
2 3 5 6 8 9 10 11 13 14 15 16 17 19 20 21 22 24 25 30 32 0

59
1 2 3 4 5 6 7 8 9 10 11 12 13 14 15 16 17 18 19 20 21 22 24 25 26 27 28 29 30 31 32 33 34 35 36 37 38 39 40 41 42 43 44 45 46 47 48 49 57 58 59 60 61 62 63 64 65 66 67 68 69 70 71 72 73 74 75 76 77 78 80 82 85 88 89 90 92 93 95 96 98 99 100 101 102 103 104 105 106 107 109 110 111 112 113 114 115 116 117 118 119 120 121 122 123 124 125 126 127 128 129 130 131 132 133 134 135 136 137 138 139 140 141 142 143 144 145 146 147 156 157 159 160 163 164 165 166 170 171 172 173 176 177 178 179 180 181 186 187 188 193 194 0
3 5 6 7 8 9 10 11 12 13 14 16 17 20 21 24 25 29 30 31 32 0

60
1 2 3 4 5 6 7 8 9 10 11 12 13 14 15 16 17 18 19 20 21 22 23 24 25 26 27 28 29 30 31 32 33 34 35 36 37 38 39 40 41 42 43 44 45 46 47 48 49 50 51 54 55 56 57 58 60 61 62 63 64 65 66 67 68 69 70 71 72 73 74 75 76 77 79 80 81 82 83 84 85 86 87 88 90 91 92 93 94 96 97 98 99 100 101 102 103 104 105 106 107 108 109 110 111 112 113 114 115 116 117 118 119 120 121 122 123 124 125 126 127 128 129 130 131 132 133 134 135 136 138 139 140 141 142 143 144 145 146 147 152 154 159 160 161 166 167 171 172 173 178 179 184 185 186 192 0
4 5 6 7 8 10 11 12 15 16 17 18 19 20 21 24 29 31 0

61
1 2 3 4 5 6 7 8 9 10 11 12 13 14 15 16 18 19 20 21 22 23 24 25 26 27 28 29 30 31 32 33 34 35 36 37 38 39 40 41 42 43 44 45 46 47 48 49 50 51 55 56 57 58 59 60 61 62 63 64 65 66 69 71 72 73 74 75 76 77 78 79 80 81 82 83 84 85 86 88 89 90 91 92 93 95 96 97 98 99 100 101 102 103 104 105 106 107 108 109 110 112 113 114 115 116 117 118 119 120 122 123 124 125 126 127 128 129 130 131 132 133 134 135 136 137 138 139 140 141 142 143 144 145 146 147 156 157 158 159 162 163 164 166 167 169 170 171 174 175 176 177 178 179 180 181 182 187 188 189 0
1 2 3 4 5 6 8 9 10 11 12 13 14 15 17 18 19 21 23 24 27 29 30 32 0

62
1 2 3 4 5 7 8 9 10 11 12 13 14 15 16 18 19 20 21 22 23 24 25 26 27 28 29 30 31 32 33 34 35 36 37 38 39 40 41 42 43 44 45 46 47 48 49 50 51 52 55 56 57 58 59 61 62 63 64 65 66 67 69 71 73 74 75 79 81 82 83 84 85 86 87 88 89 90 92 93 94 95 96 97 99 100 101 102 103 104 105 106 107 108 109 110 112 113 114 115 116 117 118 119 120 121 122 123 124 125 126 127 128 129 130 131 132 133 134 135 136 137 138 139 140 141 142 143 144 145 146 147 153 159 160 164 165 166 167 170 171 172 173 174 177 178 179 180 185 186 191 192 0
1 3 5 6 10 12 13 14 17 19 20 21 24 25 28 30 31 32 0

63
1 2 3 4 5 6 7 8 9 10 11 12 13 14 15 16 18 19 20 21 22 23 24 25 26 27 28 29 30 31 32 33 34 35 36 37 38 39 40 41 42 43 44 45 46 47 48 49 51 52 53 54 56 57 58 59 60 61 62 63 64 65 66 67 70 71 72 73 74 75 78 79 80 81 82 83 84 85 86 87 88 89 90 91 92 93 94 95 96 97 99 100 101 102 103 104 105 106 107 108 109 111 112 113 114 115 116 117 118 119 120 121 122 123 125 126 127 128 129 130 131 132 133 134 135 136 137 138 139 140 141 142 143 144 145 146 147 151 153 155 157 158 159 160 163 164 165 166 167 171 172 173 178 179 180 181 183 184 185 186 187 188 190 191 192 193 194 0
1 2 3 4 5 6 7 8 9 10 11 15 17 18 19 20 21 22 24 26 28 29 30 31 32 0

64
1 2 3 4 5 6 7 8 9 10 11 12 13 14 15 16 17 18 19 20 21 22 23 24 25 26 27 28 29 30 31 32 33 35 36 37 38 39 40 41 42 43 44 45 46 47 48 49 50 51 52 55 56 57 58 59 60 61 62 63 65 66 67 68 69 70 71 72 73 74 75 76 77 79 80 81 82 83 85 86 87 88 89 90 91 92 93 94 95 97 99 100 101 102 103 104 105 106 107 108 109 112 113 114 115 116 117 118 119 120 121 122 123 124 125 127 128 129 130 131 132 133 134 135 136 137 138 139 140 141 142 143 144 145 146 147 151 153 157 158 159 163 164 165 166 167 168 170 171 172 173 174 175 176 177 178 179 180 181 182 183 184 185 186 187 191 192 193 0
1 2 3 4 5 6 7 9 10 11 12 14 15 16 18 19 20 21 22 23 24 26 27 29 30 31 32 0

65
1 2 3 4 5 6 7 8 9 10 11 12 13 14 15 16 17 18 19 20 21 22 24 25 26 27 28 29 31 32 33 34 35 36 37 38 39 40 41 42 43 44 45 46 47 48 49 51 55 57 58 59 60 61 62 63 64 65 66 67 68 69 70 71 72 73 74 75 76 77 78 79 80 81 82 83 84 86 87 88 89 90 91 92 94 95 96 97 98 99 100 101 102 103 104 105 106 107 108 109 110 111 112 113 114 115 116 117 118 119 120 121 122 123 124 126 127 128 129 130 131 132 133 134 136 137 138 139 140 141 142 143 144 145 146 147 158 160 161 163 164 165 167 170 171 172 173 174 176 177 178 179 180 181 184 185 187 193 194 0
1 3 4 5 6 7 8 9 10 12 13 14 15 16 17 20 21 23 24 25 27 28 30 31 32 0

66
1 2 3 4 5 6 7 8 9 10 11 12 13 14 15 16 17 18 19 20 21 22 23 24 25 26 27 28 29 30 31 33 34 35 36 37 38 39 40 41 42 43 44 45 46 47 48 49 50 53 54 58 59 62 63 64 66 67 68 69 70 72 73 74 76 77 78 79 81 82 83 84 85 86 87 88 89 90 91 93 94 95 97 98 99 100 101 102 103 104 105 106 107 108 109 110 111 112 113 114 115 116 117 118 119 120 121 122 123 124 125 126 127 128 129 130 131 132 133 134 136 137 138 139 140 141 142 143 144 145 146 147 159 160 161 164 165 166 167 168 170 171 172 173 177 178 179 184 185 186 0
1 3 4 5 6 7 9 10 12 14 15 16 17 20 21 22 23 24 25 26 29 30 32 0

67
1 2 3 4 5 6 7 8 9 10 11 13 14 15 16 17 18 19 20 21 22 23 24 25 26 28 29 30 31 32 33 34 35 36 37 38 39 40 41 42 43 44 45 46 47 48 49 50 51 52 53 54 55 57 58 60 61 62 63 64 65 66 67 68 69 70 71 72 73 74 75 76 77 78 79 80 81 82 83 86 87 88 89 90 91 92 95 96 97 98 99 100 101 102 103 104 105 106 107 108 109 110 111 112 113 114 115 116 117 118 119 120 121 122 123 125 126 127 128 129 130 131 132 133 134 135 136 137 138 139 140 141 142 143 144 145 146 147 151 152 153 157 158 159 160 164 165 166 171 172 173 174 178 179 180 181 182 184 185 186 187 0
1 2 3 4 5 6 7 12 16 17 18 21 22 23 24 26 28 29 30 32 0

68
1 2 3 4 5 6 7 8 9 10 11 13 14 15 16 17 18 19 20 21 22 23 24 25 26 27 28 29 30 31 32 33 34 35 36 37 39 40 41 42 43 44 45 46 47 48 49 54 55 57 59 60 61 62 63 64 65 67 68 69 70 71 73 74 75 76 77 78 79 81 82 83 85 86 87 88 89 90 91 92 94 95 98 99 100 101 102 103 104 105 106 107 108 109 112 113 114 115 116 117 118 119 120 121 122 123 125 126 127 128 129 130 131 132 133 134 135 136 137 138 139 140 141 142 143 144 145 146 147 157 158 159 160 161 165 166 167 168 171 172 173 175 179 181 184 185 186 187 192 0
2 4 5 6 7 8 10 12 15 16 20 21 22 24 25 26 28 31 0

69
1 2 3 4 5 6 7 8 9 10 11 12 13 14 15 17 18 19 20 21 22 23 24 25 26 27 28 29 30 31 32 33 34 35 36 37 38 39 41 42 43 44 45 46 47 48 49 50 51 52 53 55 57 58 59 60 61 62 63 64 65 66 68 69 70 71 72 73 74 76 77 78 79 80 81 82 83 84 85 87 88 89 90 91 92 93 94 95 96 97 98 99 100 101 102 103 104 105 106 107 108 109 110 111 112 113 114 115 116 117 118 119 120 121 122 123 124 125 126 127 128 129 130 131 132 133 134 135 136 137 138 140 141 142 143 144 145 146 147 150 151 157 158 159 160 163 164 165 166 167 168 170 174 175 177 178 180 182 184 185 186 187 188 189 190 192 193 194 195 0
2 3 4 5 6 7 8 9 10 11 12 13 14 15 17 18 19 22 23 24 26 27 29 30 32 0

70
1 2 3 4 5 6 7 8 9 10 11 12 13 14 15 16 17 18 19 20 21 22 23 24 25 26 27 28 29 30 31 32 33 34 35 36 37 38 39 40 42 43 44 45 46 47 48 49 51 52 55 56 57 58 59 60 61 62 63 64 65 66 67 68 69 71 72 73 74 75 76 77 78 79 80 81 82 83 84 85 86 87 88 89 90 91 92 93 94 95 96 97 98 99 100 101 102 103 104 105 106 107 108 109 110 111 112 113 114 115 116 117 118 119 120 121 122 123 124 125 126 127 128 129 130 131 133 134 135 136 138 139 140 141 142 143 144 145 146 147 157 158 159 160 162 164 165 166 167 170 171 172 173 174 176 177 178 179 180 181 182 184 185 186 187 188 192 193 194 195 0
2 4 5 6 7 8 11 14 15 16 18 19 20 22 24 26 27 28 29 30 31 32 0

71
1 2 3 5 6 7 8 9 10 11 12 13 14 15 16 17 18 19 20 21 22 23 24 25 26 27 28 29 30 31 32 33 34 35 36 37 38 39 40 41 42 43 44 45 46 47 48 49 53 54 55 57 59 60 61 62 63 64 65 67 68 69 70 71 72 74 75 76 77 78 81 82 83 84 85 86 87 88 89 90 91 92 93 96 97 98 99 100 101 102 103 104 105 106 107 108 110 111 112 113 114 115 116 117 118 119 120 121 122 123 124 125 126 127 128 129 130 131 132 133 134 135 136 137 138 139 140 141 142 143 144 145 146 147 150 152 157 158 159 161 164 165 168 172 173 175 176 178 179 180 181 182 185 186 187 0
1 2 3 4 5 6 7 8 10 12 14 16 17 18 19 21 22 23 24 28 29 31 32 0

72
1 2 3 4 5 6 7 8 9 10 11 12 13 14 15 16 18 19 20 21 22 23 24 25 26 27 28 29 30 31 32 33 34 35 36 37 38 39 40 41 42 43 44 45 46 47 48 49 50 52 54 57 58 59 60 61 62 63 64 65 66 67 68 69 70 71 72 73 74 75 76 77 78 79 80 81 82 83 84 85 86 87 88 89 90 91 92 93 94 96 97 98 99 100 101 102 103 104 105 106 107 108 109 110 111 112 113 114 115 116 117 118 119 120 121 123 124 125 126 127 128 129 130 131 132 133 134 135 136 137 138 139 140 141 142 143 144 145 146 147 150 158 160 164 165 166 167 170 171 172 173 174 176 178 179 180 182 183 184 185 186 192 0
1 2 5 6 7 9 12 13 14 15 16 18 20 22 24 25 26 27 28 29 31 32 0

73
1 2 3 4 5 6 7 8 9 10 11 12 13 14 15 16 17 18 19 20 21 22 23 24 25 26 27 28 29 30 31 32 33 34 35 36 37 38 39 40 41 42 43 44 45 46 47 48 49 52 53 55 57 58 59 60 61 62 63 67 68 69 70 71 74 75 76 77 78 80 81 82 83 84 85 88 89 90 91 92 93 94 95 96 97 99 100 101 102 103 104 105 106 107 108 109 110 111 112 113 114 115 116 118 119 120 121 122 123 125 126 127 128 129 130 131 132 133 134 135 136 137 138 139 140 141 142 143 144 145 146 147 150 157 158 165 166 167 168 172 176 178 179 180 182 184 186 189 192 193 0
1 2 5 6 8 9 10 12 15 18 21 24 25 27 29 31 0

74
1 2 3 4 5 6 7 8 9 10 11 13 14 15 16 17 18 20 21 22 23 24 25 26 28 29 30 31 32 33 34 35 36 37 38 39 40 41 42 43 44 45 46 47 48 49 51 52 53 54 55 56 57 58 60 61 62 63 64 66 67 68 69 70 71 73 74 75 76 77 78 80 81 82 83 87 88 89 90 91 92 93 94 95 96 97 98 99 100 101 102 103 104 105 106 107 108 109 111 112 113 114 115 116 117 118 119 120 121 122 123 125 126 127 128 129 130 131 132 133 134 135 136 137 138 139 140 141 142 143 144 145 146 147 151 152 153 157 158 159 160 164 165 166 167 170 171 172 173 174 177 178 179 180 181 184 185 186 187 0
1 2 3 4 5 6 7 8 12 16 17 18 19 20 21 22 23 24 26 28 29 30 32 0

75
1 2 3 4 5 6 7 8 9 10 11 12 13 14 15 16 17 18 19 20 21 22 23 24 25 26 27 28 29 30 31 32 33 34 35 36 37 38 39 40 41 42 43 44 45 46 47 48 49 50 51 52 53 54 55 56 57 58 59 60 61 64 65 66 67 68 69 70 72 73 74 75 76 78 80 81 82 83 85 86 87 88 89 90 91 92 93 94 95 96 97 98 99 100 101 102 103 104 105 106 107 108 109 110 111 112 113 114 115 117 118 119 120 121 122 123 124 125 126 127 128 129 130 131 132 133 134 135 136 137 138 139 140 141 142 143 144 145 146 147 152 155 156 157 158 159 163 164 165 166 171 172 173 178 179 180 181 182 185 186 187 188 192 193 0
1 3 4 5 6 7 9 10 13 14 15 18 21 22 23 24 25 26 27 29 30 31 32 0

76
1 2 3 4 5 6 7 8 9 10 11 12 13 14 15 16 17 18 19 20 21 22 23 24 25 26 27 28 29 30 32 33 34 35 36 37 38 39 40 41 42 43 44 45 46 47 48 49 55 56 57 58 60 61 62 63 64 66 67 68 69 70 71 72 73 74 75 76 77 78 79 80 81 82 83 84 85 86 87 88 89 90 91 92 93 94 97 98 99 100 101 102 103 104 105 106 107 108 109 112 113 114 115 117 118 119 120 121 122 123 124 125 126 127 128 130 131 132 133 134 135 136 137 138 139 140 141 142 143 144 145 146 147 153 157 158 159 160 164 165 166 167 170 171 172 173 174 177 178 179 180 181 184 185 186 187 189 191 192 193 194 0
1 2 4 5 6 7 8 11 12 14 15 16 17 18 20 21 22 24 25 26 27 29 30 31 32 0

77
1 2 3 4 5 6 7 8 10 12 13 14 15 16 17 18 19 20 21 22 23 25 26 27 28 29 30 31 32 33 34 35 36 37 38 39 40 41 42 43 44 45 46 47 48 49 50 51 52 53 54 55 56 57 58 59 60 61 62 64 65 67 68 69 70 71 72 73 74 75 76 77 78 79 80 81 83 84 85 86 87 88 89 90 91 92 94 95 96 97 98 99 100 101 102 103 104 105 106 107 108 109 110 111 112 113 115 116 117 118 119 120 121 122 123 125 126 127 128 129 131 132 133 134 135 136 137 138 139 140 141 142 143 144 145 146 147 150 151 156 157 158 159 163 164 165 166 172 173 177 178 179 182 183 184 185 186 187 188 189 190 192 193 194 0
2 3 4 5 6 7 8 9 13 14 15 16 18 19 22 23 24 25 26 27 28 29 32 0

78
1 2 3 4 5 6 7 8 9 10 11 12 13 14 15 16 17 18 19 20 21 22 23 24 25 26 27 28 29 30 31 32 33 34 35 36 37 38 39 40 41 42 43 44 45 46 47 48 49 50 51 52 54 55 56 57 58 59 60 61 62 63 64 65 66 67 68 69 70 71 73 75 76 77 78 79 80 81 82 83 84 85 86 87 88 89 90 91 92 93 94 95 96 97 98 99 100 101 102 103 104 105 106 107 108 109 110 111 112 113 114 115 116 117 118 119 120 121 122 123 124 125 126 127 128 129 130 131 132 133 134 135 136 137 138 139 140 141 142 143 144 145 146 147 150 151 152 154 158 159 160 165 166 171 172 173 178 179 183 185 186 190 192 0
5 6 7 8 11 12 16 19 20 21 23 24 25 28 29 0

79
1 2 3 4 5 6 7 8 9 10 11 12 13 14 15 16 17 18 19 20 21 22 23 24 25 26 27 28 29 30 31 32 33 34 35 36 37 38 39 40 41 42 43 44 45 46 47 48 49 50 53 54 55 56 57 61 62 63 64 65 66 67 68 69 70 71 72 73 74 75 76 77 78 79 80 81 82 83 85 87 88 90 91 92 93 94 95 96 99 100 101 102 103 104 105 106 107 108 109 110 111 112 113 114 115 116 117 118 119 120 121 122 123 124 125 126 127 128 129 130 131 132 133 134 135 136 138 139 140 141 142 143 144 145 146 147 151 152 153 159 160 165 166 171 172 173 178 179 180 184 185 186 191 192 0
3 5 6 7 8 9 10 12 14 15 16 17 18 20 21 23 24 25 28 29 30 31 0

80
1 2 3 4 5 6 7 8 9 10 11 12 13 14 15 16 18 19 21 22 23 24 25 26 27 28 29 30 31 32 33 34 35 36 37 38 39 40 41 42 43 44 45 46 47 48 49 50 52 56 58 59 60 61 62 63 64 65 66 67 68 69 70 71 72 73 74 75 77 78 79 80 81 82 83 84 85 86 87 88 90 91 92 93 94 96 97 98 99 100 101 102 103 104 105 106 107 108 109 110 112 113 114 115 116 117 119 120 121 122 123 124 125 126 127 128 129 130 131 132 133 134 135 136 138 139 140 141 142 143 144 145 146 147 158 163 164 165 166 167 169 170 171 172 173 176 178 179 180 181 182 184 185 186 191 192 0
1 4 5 6 7 8 9 10 11 12 13 14 15 16 17 18 19 20 21 22 23 24 25 27 31 32 0

81
1 2 3 4 5 6 7 8 9 11 12 13 14 15 16 18 19 20 21 22 23 24 25 26 27 28 29 30 31 32 33 35 36 37 38 39 40 41 42 43 44 45 46 47 48 49 52 53 55 58 59 60 61 63 64 65 66 67 68 69 70 71 73 74 75 76 77 79 80 81 82 83 84 86 87 88 89 90 92 93 95 96 97 98 99 100 101 102 103 104 105 106 107 108 109 110 111 112 113 114 115 117 118 119 120 121 122 124 125 126 127 128 129 130 131 132 133 134 135 136 137 138 139 140 141 142 143 144 145 146 147 150 158 159 160 163 164 166 167 171 172 173 174 178 179 181 184 185 186 187 188 192 193 0
1 3 4 5 6 7 8 9 10 12 15 16 17 18 19 20 21 22 23 24 25 26 27 29 30 31 32 0

82
1 2 3 4 5 6 7 8 9 10 11 12 13 14 15 16 17 19 20 21 22 23 24 25 26 27 28 29 30 31 32 33 34 35 36 37 38 39 41 42 43 44 45 46 47 48 49 50 51 52 53 54 55 57 58 59 60 61 62 63 64 65 66 67 68 69 70 71 72 73 74 75 76 77 78 79 80 81 82 83 84 85 86 87 88 89 90 91 92 93 94 95 97 98 99 100 101 102 103 104 105 106 107 108 109 111 112 113 114 115 116 117 118 119 120 121 122 123 124 125 126 127 128 129 130 131 132 133 134 135 136 139 140 141 142 143 144 145 146 147 151 153 155 157 158 159 160 164 165 166 167 169 170 171 172 173 174 176 178 179 180 181 184 185 186 187 191 192 193 194 0
2 4 5 6 7 8 11 12 14 15 18 19 20 21 22 24 26 27 28 29 30 32 0

83
1 2 3 4 5 6 7 8 9 10 11 12 13 14 15 16 17 18 19 20 21 22 23 24 25 26 27 28 29 31 32 33 34 35 36 37 38 39 40 41 42 43 44 45 46 47 48 49 50 51 52 53 54 55 56 57 59 60 61 62 63 64 65 66 68 69 70 71 72 73 74 75 76 78 79 80 81 82 83 84 85 86 87 88 90 91 92 93 94 95 96 97 99 100 101 102 103 104 105 106 107 108 109 110 111 112 113 114 117 118 119 120 121 122 123 124 125 126 127 128 129 130 131 132 133 134 135 136 137 138 139 140 141 142 143 144 145 146 147 150 151 157 158 159 164 165 166 167 170 172 173 174 177 178 179 180 181 182 184 185 186 187 188 189 0
2 3 4 5 6 7 8 9 10 11 12 13 14 16 18 19 20 22 23 24 25 26 27 28 29 30 32 0

84
1 2 3 4 5 6 7 8 9 10 11 13 14 15 16 17 18 19 20 21 22 23 24 25 26 27 28 29 30 31 32 33 34 35 36 37 38 39 40 41 42 43 44 45 46 47 48 49 50 51 52 53 54 56 57 58 59 60 61 62 63 64 65 66 67 68 69 70 72 73 74 75 76 78 79 80 81 82 83 85 87 88 89 92 93 94 95 97 98 99 100 101 102 103 104 105 106 107 108 109 110 111 112 113 114 115 116 117 118 119 120 121 122 123 124 125 126 127 128 129 130 131 132 133 134 135 136 137 138 139 140 141 142 143 144 145 146 147 149 151 157 158 159 164 165 166 167 169 170 171 172 173 174 177 178 179 180 181 184 185 186 187 0
1 2 4 5 6 7 8 10 11 12 13 15 17 18 19 20 21 22 23 24 25 26 28 29 30 32 0

85
1 2 3 4 5 7 8 9 10 11 12 13 14 15 16 17 18 19 20 21 22 23 24 25 27 28 29 30 31 32 33 34 35 36 37 38 39 40 41 42 43 44 45 46 47 48 49 50 51 52 53 56 57 58 59 60 61 62 63 64 65 66 67 68 69 70 71 72 73 74 75 76 77 78 79 80 81 82 84 85 88 89 92 93 94 95 96 97 98 99 100 101 102 103 104 105 106 107 108 109 110 111 112 113 114 115 116 117 118 119 120 121 122 123 124 125 126 127 128 129 130 131 132 133 134 135 136 137 138 139 140 141 142 143 144 146 147 152 162 163 164 165 166 167 172 173 174 179 180 182 184 185 186 187 192 193 0
5 6 7 8 9 10 11 13 15 16 18 19 20 21 22 24 25 27 28 30 31 32 0

86
1 2 3 4 5 6 7 8 9 10 11 12 13 14 15 16 17 18 19 20 21 22 23 24 26 27 28 29 30 31 32 33 34 35 36 37 38 39 40 41 42 43 44 45 46 47 48 49 50 51 53 54 56 57 59 60 61 62 63 64 65 67 68 69 70 71 73 74 75 76 77 78 80 82 83 84 85 87 88 89 90 91 92 93 94 95 96 97 98 99 100 101 102 103 104 105 106 107 108 109 112 113 114 115 117 119 120 121 122 123 124 125 126 127 128 129 130 131 132 133 134 135 136 137 138 139 140 141 142 143 144 145 146 147 148 149 158 159 160 164 165 166 167 168 171 172 173 175 177 178 179 180 185 186 187 191 192 193 196 0
3 4 5 6 7 13 14 15 16 17 18 19 20 21 22 23 24 25 26 27 29 30 32 0

87
1 2 3 4 5 6 7 8 11 12 13 14 15 16 17 18 19 20 21 22 23 24 25 28 29 30 31 32 33 34 35 36 37 38 39 41 42 43 44 45 46 47 48 49 50 51 52 53 54 55 56 57 58 59 60 62 64 65 66 67 69 70 73 74 75 76 78 79 80 81 82 83 84 85 86 87 88 89 90 91 92 93 95 96 97 99 100 101 102 103 104 105 106 107 108 109 110 111 112 113 114 115 116 117 118 119 120 121 122 123 124 125 126 127 128 129 130 131 132 133 134 135 136 137 138 139 140 141 142 143 144 145 146 147 149 153 157 158 162 163 164 165 166 171 172 173 174 180 181 186 188 191 192 193 194 195 0
1 2 5 6 7 8 9 10 11 13 14 15 16 17 18 19 21 22 24 25 26 27 29 30 31 32 0

88
1 2 3 4 5 6 7 8 9 10 11 12 13 14 15 16 17 18 19 20 21 22 23 24 25 26 27 28 29 30 31 32 33 34 35 36 37 38 39 40 41 42 43 44 45 46 47 48 49 50 52 57 59 60 61 62 63 64 65 66 68 69 70 71 72 73 74 75 76 77 79 80 81 82 84 87 88 89 90 91 92 93 94 95 96 97 98 99 100 101 102 103 104 105 106 107 108 109 110 111 112 113 114 115 116 118 119 120 121 123 124 125 126 127 128 130 132 133 134 135 136 137 138 139 140 141 142 143 144 145 146 147 148 157 163 164 165 166 167 171 172 173 174 177 178 179 180 185 186 191 192 0
2 3 5 6 7 8 9 10 11 13 14 15 16 20 22 24 25 27 30 32 0

89
1 2 3 4 5 6 7 8 9 10 11 13 14 15 16 17 18 19 21 22 23 24 25 26 27 28 29 30 31 32 34 35 36 37 38 40 41 42 43 44 45 46 47 48 49 51 52 53 54 55 57 58 59 60 61 62 63 64 67 68 69 70 71 72 73 74 75 76 77 78 79 80 81 82 83 84 85 86 87 88 89 90 91 92 94 95 96 97 98 99 100 101 102 103 104 105 106 107 108 109 110 111 112 113 114 115 116 117 118 119 120 121 122 123 125 126 127 128 129 130 131 132 133 134 135 136 137 138 139 140 141 142 143 144 145 146 147 150 151 156 157 158 161 164 165 166 168 170 171 173 174 175 176 177 180 181 184 185 186 187 188 191 192 193 196 0
1 2 4 5 6 7 8 9 10 12 15 18 19 20 21 22 24 26 27 28 29 30 31 32 0

90
1 2 3 4 5 6 7 8 9 10 11 12 13 14 15 16 17 18 19 21 22 26 28 29 30 31 32 33 34 35 36 37 39 40 41 42 43 44 45 46 47 48 49 50 51 52 53 54 55 57 58 59 60 61 62 63 65 66 67 68 69 70 71 72 73 74 75 76 78 79 80 81 82 84 85 86 87 88 89 90 91 93 94 95 96 97 98 99 100 101 102 103 104 105 106 107 108 109 110 111 112 113 114 115 116 117 118 119 120 121 122 123 124 125 126 127 128 130 131 132 133 134 135 136 138 139 140 141 142 143 144 145 146 147 156 157 158 159 160 161 163 164 165 167 171 173 174 177 178 179 180 186 192 0
3 4 5 6 7 8 9 10 11 12 15 16 17 19 20 21 23 24 25 28 30 31 32 0

91
1 2 3 4 5 6 7 8 9 10 11 12 13 14 15 16 17 18 19 20 21 22 23 24 25 26 27 28 29 30 31 33 34 35 36 37 38 39 40 41 42 43 44 45 46 47 48 49 51 53 54 55 56 57 58 59 60 61 62 63 64 65 66 67 68 69 70 71 72 73 74 75 76 77 79 80 81 82 83 85 86 87 88 89 91 92 93 94 95 96 97 98 99 100 101 102 103 104 105 106 107 108 109 110 111 112 113 114 115 116 117 118 119 120 121 122 123 124 125 126 127 128 129 131 132 133 134 135 136 137 138 139 140 141 142 143 144 145 146 147 152 153 157 158 159 163 164 165 166 171 172 173 174 177 178 179 180 181 183 184 185 186 187 0
1 2 3 4 5 6 7 8 9 10 11 12 16 17 18 19 20 21 22 24 25 26 29 30 31 32 0

92
1 2 3 4 5 6 7 8 9 10 11 12 13 14 15 18 19 20 21 22 23 24 25 27 28 29 30 31 32 33 34 35 36 37 39 40 41 42 43 45 46 47 48 49 50 52 57 58 59 60 61 62 63 64 65 66 67 68 69 71 72 73 74 75 76 77 78 79 80 81 82 84 86 87 88 89 90 91 92 93 94 95 96 97 98 99 100 101 102 103 104 105 106 107 108 109 110 111 112 113 114 115 116 117 118 119 120 121 122 123 124 126 127 128 129 130 131 132 133 134 135 136 137 138 139 140 141 142 143 144 145 146 147 158 162 163 164 165 166 167 169 170 171 172 173 174 176 178 179 180 181 182 184 185 186 191 192 0
5 6 7 8 9 10 11 12 13 14 15 16 18 19 20 21 22 24 25 27 31 32 0

93
1 2 3 4 5 6 7 8 9 10 11 12 13 14 15 16 17 18 19 20 21 22 23 24 25 26 27 28 29 30 31 32 33 34 35 36 37 38 39 40 41 42 43 44 45 46 47 48 49 52 55 56 57 58 59 61 62 63 64 66 67 68 71 72 73 74 75 77 78 81 82 83 84 85 86 87 88 89 90 91 92 93 95 96 97 98 99 100 101 102 103 104 105 106 107 108 109 110 111 112 113 114 115 116 117 118 119 120 121 122 123 124 125 126 127 128 129 130 131 132 133 134 135 136 137 138 139 140 141 142 143 144 145 146 147 153 155 157 159 160 164 166 170 172 173 176 177 178 179 180 182 186 187 194 0
5 6 8 9 10 11 13 14 21 24 25 27 29 30 32 0

94
1 2 3 4 5 6 7 8 9 10 11 12 13 14 15 16 17 18 19 20 21 22 23 24 25 26 27 28 29 30 31 32 33 34 35 36 37 38 39 40 41 42 43 44 45 46 47 48 49 51 53 54 55 56 58 59 60 61 62 63 64 66 67 68 70 71 73 74 75 76 77 78 79 80 81 82 83 84 85 86 87 88 89 90 91 92 93 94 96 97 98 99 100 101 102 103 104 105 106 107 108 109 111 112 113 114 115 116 117 118 119 120 121 122 123 124 126 127 128 129 130 131 132 133 134 135 137 138 139 140 141 142 143 144 145 146 147 150 151 152 157 158 159 165 166 170 171 172 173 174 178 179 180 181 183 184 185 186 187 191 192 0
1 2 3 4 5 6 7 8 9 10 11 12 14 16 17 18 19 21 22 23 24 26 28 29 30 31 32 0

95
1 2 3 4 5 6 7 8 9 10 11 12 13 14 15 16 17 18 19 20 21 22 23 24 25 26 27 28 29 30 31 32 33 34 35 36 37 38 39 40 41 42 43 44 45 46 47 48 49 50 51 52 54 55 56 57 58 59 60 61 62 63 64 65 66 67 68 69 70 71 72 73 74 75 76 77 78 80 81 82 83 84 85 86 87 88 89 90 91 93 94 95 96 97 98 99 100 101 102 103 104 105 106 107 108 109 111 112 113 114 115 116 117 118 119 120 121 122 123 124 125 126 127 128 129 130 131 132 133 134 135 136 137 138 139 140 141 142 143 144 145 146 147 148 149 156 157 158 159 160 162 164 165 166 167 171 172 173 178 179 180 181 182 184 185 186 187 189 190 191 192 193 194 0
1 3 4 5 6 7 9 10 12 13 15 17 18 21 22 23 24 25 26 27 30 32 0

96
1 2 3 4 5 7 8 9 10 11 12 13 14 15 16 17 18 19 20 21 22 23 24 25 26 27 28 29 30 31 32 33 34 35 36 37 38 39 40 41 42 43 44 45 46 47 48 49 50 51 52 53 54 55 56 57 58 59 60 61 62 63 64 65 66 67 68 69 70 71 72 73 74 75 76 77 78 79 80 81 82 83 85 86 87 88 89 91 92 93 94 95 96 97 98 99 100 101 102 103 104 105 106 107 108 109 110 111 112 113 114 115 116 117 118 119 120 121 122 123 125 126 127 128 129 130 131 132 133 134 135 136 138 139 140 141 142 143 144 145 146 147 151 153 157 158 159 160 163 164 165 166 167 171 172 173 174 176 178 179 180 181 182 184 185 186 187 189 191 192 193 194 0
4 5 6 7 8 11 15 16 18 20 22 24 26 27 28 29 30 31 32 0

97
1 2 3 4 5 6 7 8 9 10 11 12 13 14 15 16 17 18 19 20 21 22 23 24 25 26 27 28 29 30 31 32 33 34 35 36 37 38 39 40 41 42 43 44 45 46 47 48 49 51 52 56 57 58 60 61 62 63 64 65 66 67 68 69 70 71 72 73 74 75 76 77 78 79 81 82 83 84 85 86 88 89 90 91 92 93 94 95 96 97 98 99 100 101 102 103 104 105 106 107 108 109 110 111 112 113 114 115 116 117 118 119 120 121 122 123 124 125 126 127 128 129 130 131 132 133 134 135 136 137 138 139 140 141 142 143 144 145 146 147 152 157 160 163 164 165 166 167 170 171 172 173 176 178 179 180 181 182 186 192 193 194 0
4 5 6 8 9 10 11 12 13 14 15 16 17 18 20 21 22 24 25 27 31 32 0

98
1 2 3 4 5 6 7 8 9 10 11 13 14 15 16 17 18 19 20 21 22 23 24 25 26 27 28 29 30 31 32 33 34 35 36 37 38 39 40 41 42 43 44 45 46 47 48 49 50 51 52 53 54 56 57 59 60 61 62 63 64 66 67 68 69 70 71 73 74 75 76 77 78 79 80 81 82 83 84 85 87 88 89 90 91 92 94 95 96 97 98 99 100 101 102 103 104 105 106 107 108 109 111 112 113 114 115 116 117 118 119 120 121 122 123 125 126 127 128 129 130 131 132 133 134 135 136 137 138 139 140 141 142 143 144 145 146 147 148 157 159 164 165 166 167 171 172 173 177 178 179 180 182 185 186 187 191 192 193 196 0
3 4 5 6 7 10 13 14 15 16 17 18 19 21 22 23 24 25 26 27 30 32 0

99
1 2 3 4 5 6 7 8 9 10 11 12 13 14 15 16 17 19 20 21 22 23 24 25 26 27 28 29 30 31 32 33 34 35 36 37 39 40 41 42 43 44 45 46 47 48 49 50 51 52 53 54 55 57 59 60 61 62 63 64 65 66 67 68 70 71 72 73 74 75 76 78 79 80 82 84 85 86 87 88 89 92 93 94 95 96 97 98 99 100 101 102 103 104 105 106 107 108 109 111 112 113 114 115 116 118 119 120 121 122 123 124 125 126 127 128 129 130 131 132 133 134 135 136 137 138 139 140 141 142 143 144 145 146 147 157 158 159 164 165 166 171 172 179 180 184 186 187 188 192 193 194 0
1 3 4 5 6 12 13 14 15 17 18 22 23 24 25 26 27 29 30 32 0

100
1 2 3 4 5 6 7 8 9 10 11 12 13 14 15 16 17 18 19 20 21 22 23 24 25 26 27 28 29 30 32 33 34 35 36 37 38 39 40 41 42 43 44 45 46 47 48 49 50 51 54 55 56 57 58 60 61 62 63 64 65 66 67 68 69 70 71 72 73 74 75 76 78 79 80 81 82 84 85 86 88 90 92 93 94 95 96 97 98 99 100 101 102 103 104 105 106 107 108 109 110 112 113 114 115 116 117 118 119 120 121 122 123 124 125 126 127 128 129 130 131 132 133 134 135 136 137 138 139 140 141 142 143 144 145 146 147 152 154 158 160 161 165 166 168 172 173 178 179 180 185 186 191 192 194 196 0
4 5 6 7 8 10 12 15 16 17 20 23 24 25 28 29 30 31 0

