1
2 3 5 6 7 10 11 13 15 16 17 18 19 21 22 24 25 26 27 28 29 30 31 33 35 36 37 38 39 40 41 42 43 44 45 48 49 50 51 52 54 56 60 61 63 64 65 68 69 70 71 72 73 74 75 76 77 78 79 80 81 82 83 84 86 87 88 89 90 91 92 93 94 95 96 98 99 101 102 103 104 106 107 110 111 112 114 115 116 117 118 119 120 121 124 125 126 127 128 129 130 131 132 133 134 135 136 137 138 139 141 142 143 144 145 146 147 148 149 150 151 152 153 154 155 156 157 158 159 160 161 162 163 164 165 166 167 168 169 170 171 172 173 174 175 176 177 178 179 180 181 182 183 184 185 186 187 188 189 190 191 192 193 194 195 196 197 198 199 200 201 202 203 204 206 207 208 209 211 212 213 214 215 216 220 221 222 223 224 225 227 228 229 230 231 232 233 234 235 236 237 239 240 241 242 243 246 247 248 249 250 251 254 255 256 0
2 6 8 9 10 12 13 14 15 16 17 18 19 20 21 22 23 24 25 26 28 29 30 31 32 34 35 36 37 38 39 41 43 44 46 47 48 49 50 51 52 53 57 58 59 60 61 62 64 65 66 67 68 69 70 72 73 75 77 78 79 80 81 82 83 84 86 88 89 94 95 96 97 98 99 100 101 102 103 105 107 108 112 113 114 115 116 118 119 120 123 124 0
1 2 4 6 7 9 10 11 16 17 21 23 24 25 26 29 30 31 0

2
1 5 6 7 8 10 11 12 13 14 15 17 18 19 20 21 22 23 24 25 27 28 29 30 31 33 34 35 36 37 38 39 40 42 43 44 45 46 47 48 49 51 52 53 54 55 57 59 60 61 62 63 64 66 67 68 69 70 71 72 74 75 76 77 78 80 82 83 84 85 87 88 90 91 92 93 94 96 97 98 99 100 101 102 103 104 106 109 110 111 112 113 115 116 117 118 120 121 123 125 126 127 128 129 130 131 132 135 139 140 141 142 143 146 147 148 149 151 152 153 154 155 156 157 158 159 160 161 163 164 165 166 167 168 170 171 172 173 174 175 177 178 179 180 181 182 185 186 187 188 189 190 191 192 193 194 196 197 198 199 200 201 202 203 205 206 207 208 209 211 212 213 214 217 218 221 222 223 224 225 226 227 228 229 230 231 233 234 235 236 237 238 239 240 242 243 244 245 246 247 248 249 250 251 252 253 254 255 256 0
1 2 4 5 6 7 8 10 11 13 14 15 16 17 18 20 22 23 25 26 28 30 31 33 34 35 38 40 42 43 44 45 46 47 48 49 51 54 57 58 60 62 63 64 65 67 68 69 70 73 74 75 76 77 78 79 80 81 82 83 84 85 86 88 89 90 92 93 94 95 96 98 101 102 105 106 107 109 110 112 113 115 116 117 118 121 122 123 125 126 127 0
1 2 3 4 5 6 7 8 9 10 11 14 15 16 18 19 20 21 23 24 25 26 27 29 30 0

3
9 10 11 12 14 15 19 20 21 22 23 24 26 27 29 30 31 32 33 34 35 36 37 40 41 42 43 45 46 47 48 49 51 52 53 54 55 59 60 61 62 65 66 67 68 71 72 73 74 75 76 77 78 79 80 82 83 85 87 88 90 91 92 93 94 95 96 97 99 100 101 102 103 105 107 108 109 110 111 113 114 115 116 117 119 122 123 124 126 130 131 135 136 137 138 139 140 141 142 143 144 145 146 147 148 149 150 151 152 154 155 156 157 158 159 160 161 162 163 164 165 166 167 169 170 171 172 173 174 175 177 178 179 180 181 182 183 185 186 187 188 189 190 193 194 195 196 199 200 202 203 204 205 206 207 208 209 210 211 212 213 214 216 219 220 221 222 223 224 225 226 229 230 232 233 234 235 236 237 238 239 240 241 242 243 244 245 246 248 249 250 251 252 253 255 256 0
1 2 3 6 7 9 10 13 14 15 17 18 19 20 21 23 24 25 27 28 29 30 31 32 36 37 38 39 40 43 44 45 46 50 51 52 53 54 55 56 57 58 60 61 63 66 67 68 69 70 71 73 75 79 80 82 84 86 87 88 89 90 91 92 93 99 100 101 103 104 105 110 111 112 113 115 117 118 119 121 122 124 125 126 127 128 0
1 2 3 6 7 8 10 11 12 13 14 15 16 18 19 20 21 22 23 25 27 28 29 30 31 32 0

4
1 2 3 4 5 6 7 8 9 11 12 13 15 16 21 22 23 25 27 28 30 31 32 33 35 37 40 45 47 48 52 54 55 56 57 58 59 60 61 62 63 65 66 67 70 71 72 73 74 75 76 77 78 79 80 81 82 83 85 86 87 88 90 91 92 93 95 96 97 99 100 101 102 103 104 105 106 107 109 110 111 112 113 114 115 116 118 120 122 123 124 125 126 127 128 129 132 133 134 137 138 139 140 141 142 143 144 145 146 147 148 149 150 151 152 153 154 155 156 157 158 159 160 161 162 163 164 165 166 167 168 170 171 172 173 174 175 177 178 179 180 181 182 183 185 188 189 190 191 192 193 194 195 196 197 198 199 200 201 202 203 204 205 206 207 208 209 210 212 214 215 216 217 219 220 221 222 223 224 225 226 227 229 230 231 232 233 234 235 236 238 239 240 241 242 244 245 246 247 248 249 250 251 252 253 254 255 256 0
1 2 3 4 5 6 9 10 11 12 13 14 15 16 17 19 21 22 23 25 26 27 28 29 30 31 33 34 36 37 38 39 40 41 42 43 44 45 47 48 49 50 51 52 54 55 56 57 59 60 61 62 63 64 65 66 67 69 70 72 75 76 77 78 79 80 83 84 85 86 87 88 89 90 92 94 95 96 97 99 100 102 103 104 105 106 108 110 111 112 113 117 120 121 122 123 124 126 127 128 0
1 3 5 6 7 9 10 12 14 16 18 19 21 22 24 25 26 28 29 30 31 32 0

5
2 3 4 6 10 11 12 16 18 19 20 21 22 23 24 25 26 29 31 32 33 34 35 36 37 39 40 41 42 44 45 47 48 50 51 54 55 58 60 63 65 66 67 68 70 71 72 73 74 75 76 77 79 80 82 83 84 86 88 90 91 92 94 95 97 98 99 100 101 102 103 104 105 108 110 112 113 115 116 117 122 123 124 126 127 128 130 131 132 135 138 139 140 141 143 144 145 146 147 148 149 150 151 152 153 154 156 157 158 159 160 161 162 164 165 167 168 169 170 172 173 174 175 176 178 180 181 183 186 187 188 189 190 191 194 195 196 197 198 199 200 201 202 203 204 205 206 207 209 211 212 216 217 218 222 223 224 225 226 228 229 230 231 233 234 236 237 240 241 242 243 244 246 247 249 250 251 252 253 254 255 256 0
1 2 3 4 6 7 8 9 13 14 15 16 17 19 20 22 25 26 28 29 31 32 39 41 42 43 45 46 47 48 49 51 52 53 54 55 57 58 60 61 62 63 66 68 69 71 72 78 79 80 82 86 87 89 94 95 96 99 106 107 110 112 113 114 115 116 117 119 122 125 127 128 0
2 4 6 7 10 11 12 13 15 16 17 18 19 24 26 29 31 0

6
2 3 4 8 9 10 11 12 14 15 16 18 19 20 21 22 23 24 26 27 29 30 31 32 33 34 35 36 37 40 41 42 43 45 46 47 49 50 51 52 53 54 55 58 59 60 61 62 63 64 66 67 68 72 73 74 76 77 78 79 80 83 84 85 87 88 89 90 91 92 94 95 96 99 100 101 103 105 106 107 108 109 110 111 115 116 117 122 124 126 128 130 131 136 137 138 139 140 141 142 143 144 146 147 148 149 150 151 154 155 156 157 158 159 160 161 162 163 164 165 166 167 169 170 171 172 173 174 175 177 178 179 180 181 182 183 186 187 188 190 191 192 194 195 196 199 200 202 203 204 205 206 207 208 210 211 212 213 214 216 220 221 222 223 224 226 227 229 230 232 233 234 235 236 237 238 240 241 242 243 244 245 246 247 248 249 250 253 254 255 256 0
1 2 3 6 7 9 10 13 14 15 16 17 18 19 20 21 22 23 24 25 27 28 29 31 32 34 36 37 38 39 40 41 42 43 47 49 51 52 53 54 55 56 57 59 60 61 62 63 64 66 67 68 69 70 71 73 74 75 77 78 79 82 83 84 86 87 88 89 90 91 92 93 94 95 96 99 100 101 103 106 109 110 112 113 115 116 117 118 119 120 122 124 125 126 127 0
1 2 3 5 6 8 10 11 12 13 14 15 16 18 19 20 21 22 23 27 28 29 30 31 32 0

7
2 3 4 5 6 7 8 9 10 11 12 13 15 17 18 19 20 21 23 24 25 26 27 28 30 33 34 35 36 41 42 43 44 45 46 49 50 51 52 53 54 55 56 57 58 59 60 61 62 63 64 65 66 67 68 69 70 71 72 73 76 77 78 79 80 81 82 84 86 87 88 89 90 91 92 94 95 96 97 98 100 101 102 103 104 105 106 107 108 109 110 111 112 113 115 116 118 122 123 129 130 131 132 133 134 135 136 137 138 139 140 141 142 143 145 146 147 148 149 150 151 153 154 155 157 158 161 162 164 165 166 169 170 171 172 173 174 177 178 179 180 182 183 184 185 186 187 188 189 190 191 193 194 195 196 197 198 199 201 202 203 204 205 206 207 208 209 210 212 213 214 216 217 218 219 221 225 226 227 228 229 230 231 232 233 234 235 237 238 239 241 242 243 244 245 246 247 248 250 251 252 253 254 255 256 0
1 2 4 8 9 10 11 12 13 14 18 19 20 21 24 25 27 28 29 31 32 33 35 36 37 39 40 41 42 43 44 46 47 49 51 52 53 55 56 58 59 60 61 63 65 66 67 68 69 71 73 75 77 78 79 80 81 82 83 84 85 86 88 89 90 91 92 93 94 97 98 99 100 101 102 106 107 111 112 113 114 115 116 117 118 119 121 122 123 125 127 0
2 3 4 5 6 8 9 10 11 12 13 14 15 18 20 21 22 23 24 26 27 28 29 30 32 0

8
1 4 5 6 8 9 10 11 12 13 14 17 18 19 21 22 24 25 28 29 30 33 35 36 37 38 40 41 42 43 44 47 48 49 50 51 52 54 55 56 59 60 61 63 64 65 66 67 68 69 70 72 73 74 75 76 77 78 81 82 84 85 86 88 89 90 92 93 94 97 98 99 100 101 102 103 104 105 106 107 108 110 111 112 113 114 115 116 117 118 119 120 123 124 125 126 127 128 129 130 131 132 133 134 137 138 139 141 142 144 145 146 147 148 149 150 151 152 153 155 156 157 158 163 164 165 166 167 168 169 170 171 172 173 174 175 176 177 178 179 180 181 182 183 184 186 187 188 189 190 191 192 193 195 196 197 198 199 200 201 202 204 205 210 213 214 215 216 217 218 219 220 221 222 226 227 228 229 230 231 233 234 235 236 237 238 240 241 242 243 244 245 247 248 249 250 252 0
1 2 4 7 10 12 13 14 15 16 18 20 21 22 26 29 30 31 32 33 34 35 36 37 39 40 41 42 44 45 47 48 50 51 52 53 56 59 60 61 62 63 64 66 67 69 71 72 74 76 77 81 84 85 87 88 92 93 94 96 97 98 99 100 102 103 105 106 107 109 112 113 114 118 119 121 126 127 0
3 4 8 9 12 14 16 18 19 22 26 27 30 32 0

9
1 2 3 4 5 6 7 8 11 12 13 19 20 21 22 25 26 27 28 30 31 32 33 34 35 37 38 39 42 43 45 47 48 49 50 51 52 53 54 55 56 57 59 60 61 62 63 66 67 69 70 71 72 73 74 76 78 79 80 81 82 84 85 86 87 88 89 90 91 92 93 94 95 96 97 99 100 101 104 105 107 108 109 110 111 112 113 114 115 116 119 120 121 122 123 126 127 128 130 131 132 133 134 135 136 139 140 141 143 145 147 148 149 151 152 153 154 155 156 157 158 159 161 162 163 164 165 166 167 168 169 170 171 172 173 174 175 176 177 178 179 180 181 182 183 185 186 187 188 189 190 191 192 193 194 195 196 197 198 199 200 202 204 205 209 211 212 213 215 216 218 219 220 221 222 223 224 225 226 227 228 229 230 231 232 233 234 235 236 237 238 239 240 242 243 244 245 247 248 249 250 251 252 253 254 255 256 0
1 2 3 4 5 6 7 8 9 10 13 15 16 19 21 22 23 24 26 28 29 30 31 32 33 34 35 36 37 38 39 40 41 42 43 44 45 46 47 48 49 50 51 52 54 55 56 58 59 60 61 62 63 64 66 67 68 69 70 71 73 74 75 76 77 78 79 80 81 83 84 86 89 91 92 93 94 96 97 98 99 100 101 104 105 106 108 110 111 113 114 115 116 118 121 122 125 127 0
1 2 4 6 8 9 10 13 14 15 17 18 19 20 24 25 30 31 0

10
2 7 8 11 12 14 15 16 19 20 22 23 24 27 29 30 31 32 33 34 35 36 37 38 39 41 42 43 44 45 46 49 50 51 52 53 54 58 59 61 62 63 65 68 71 72 76 78 79 80 83 84 85 87 88 89 91 92 93 94 96 97 98 99 100 101 102 103 104 109 110 111 113 114 117 118 122 123 126 127 129 130 131 132 134 135 136 138 139 140 141 142 143 144 146 147 148 149 150 151 152 154 155 156 157 158 159 160 161 162 163 164 165 166 167 169 170 171 172 173 174 175 177 178 179 180 181 182 183 186 187 188 189 190 191 193 194 195 197 198 199 200 201 202 205 206 207 208 209 211 212 213 214 215 216 219 220 221 222 223 224 226 227 229 230 231 232 233 234 235 236 237 238 239 240 243 244 245 249 252 253 254 255 256 0
1 2 3 4 5 11 12 13 14 15 17 18 19 20 21 22 23 24 26 27 29 30 31 35 36 39 40 44 45 46 47 48 49 50 53 54 55 56 57 61 62 65 66 68 69 70 73 75 76 77 78 79 80 82 84 85 86 87 88 89 91 92 94 95 97 98 99 102 103 104 106 110 111 113 114 115 116 117 118 121 122 123 124 125 126 127 128 0
1 2 3 4 6 9 10 13 20 21 27 28 29 31 0

11
3 4 5 6 7 8 9 10 11 12 15 16 17 18 20 28 29 30 33 36 37 38 41 42 43 44 47 48 49 50 51 54 55 56 57 58 59 61 62 63 64 65 66 67 68 69 70 75 76 77 78 79 84 86 87 88 89 90 92 93 97 98 100 107 108 110 112 113 116 117 118 119 120 121 122 123 124 125 126 127 128 129 130 131 132 133 134 137 138 139 140 141 142 143 144 145 146 147 148 149 150 151 155 156 157 158 163 164 165 166 169 170 171 172 174 175 176 177 178 179 180 181 182 183 184 185 186 187 188 189 190 191 192 193 194 195 196 197 198 199 200 201 202 204 205 206 207 208 209 210 211 212 213 214 215 216 219 220 221 222 227 228 229 230 231 234 235 236 239 240 241 242 243 244 245 246 247 248 249 250 251 252 253 254 255 0
1 2 4 5 7 9 11 12 13 14 16 18 20 21 26 27 29 30 31 32 33 34 35 36 38 40 41 43 44 46 47 48 49 51 52 53 55 58 60 61 62 63 64 65 66 68 69 71 72 73 76 77 78 81 82 83 85 86 87 89 90 91 94 95 98 99 101 102 103 104 106 107 109 110 113 115 116 119 120 121 124 125 126 127 0
1 3 4 8 10 12 17 19 21 22 23 27 30 0

12
2 3 4 6 7 8 9 10 11 16 17 18 19 21 22 23 24 26 27 28 29 30 32 33 34 35 36 37 38 40 41 42 44 45 47 49 50 52 53 54 56 57 58 59 60 61 62 63 64 66 67 68 70 71 72 73 74 75 80 81 82 83 84 87 88 92 93 95 96 100 101 102 103 104 105 106 108 109 110 114 116 117 118 120 122 126 127 128 130 131 132 134 135 136 137 138 139 141 144 145 146 148 149 152 154 155 156 157 158 159 160 161 162 163 164 165 166 167 168 169 170 171 172 173 174 177 178 180 181 184 185 186 187 188 190 191 192 194 195 196 198 199 201 202 203 204 206 208 209 210 211 213 216 218 219 220 221 222 224 227 228 229 231 232 233 235 237 239 241 243 244 245 246 247 248 249 251 252 253 254 0
1 3 4 5 6 7 8 9 10 11 13 14 15 16 18 20 21 23 26 28 29 31 34 36 37 39 40 41 42 43 45 46 49 51 53 55 56 57 58 59 60 61 62 64 66 67 69 70 71 72 76 79 82 83 84 86 87 89 92 93 94 96 98 99 102 107 108 109 110 113 114 115 116 117 118 119 121 122 123 125 128 0
4 6 7 8 10 13 14 19 20 25 26 27 28 30 0

13
3 4 5 6 7 8 11 12 13 14 15 16 17 18 19 20 21 24 25 28 29 30 31 32 33 35 36 37 38 39 40 41 42 43 44 45 47 48 49 50 51 52 55 56 57 58 59 63 64 68 69 72 76 80 81 84 85 88 89 92 93 94 95 96 97 99 100 101 102 103 104 105 106 107 108 109 110 111 112 113 114 115 116 117 119 120 121 122 123 124 125 127 128 131 132 133 134 136 139 140 141 143 144 145 146 147 148 149 152 153 156 157 158 161 163 164 165 166 167 168 169 170 171 172 175 176 177 178 179 180 183 184 185 186 187 191 192 195 196 197 201 205 206 209 212 213 216 220 221 222 228 229 230 232 233 234 235 236 237 238 239 240 241 245 246 247 248 249 253 254 256 0
1 4 6 7 8 12 13 14 17 19 20 21 22 27 29 30 31 32 34 37 38 39 42 43 44 45 47 48 49 50 52 53 54 57 58 60 61 63 64 67 70 71 72 74 75 77 78 79 81 83 84 85 88 90 92 93 94 95 96 97 98 99 100 101 104 111 113 114 116 117 118 121 124 125 127 0
1 4 5 8 9 10 14 19 20 21 25 27 28 29 30 0

14
1 2 4 5 6 8 10 12 13 16 18 19 22 24 25 26 27 28 29 30 31 33 34 35 36 37 44 45 46 48 49 52 53 55 56 57 59 62 63 65 66 68 69 70 72 73 74 75 76 80 81 82 83 84 86 88 90 91 92 93 95 96 98 99 100 101 102 103 104 105 106 107 108 109 110 111 112 113 116 118 120 121 122 123 124 125 126 127 128 129 130 131 132 133 134 135 136 137 138 139 140 141 142 143 144 145 146 147 150 151 152 153 154 155 156 157 158 160 161 162 163 164 165 167 168 169 170 172 173 174 176 177 178 179 180 181 183 184 185 186 187 188 189 190 191 192 193 194 195 196 197 198 199 200 203 204 205 206 207 208 210 211 214 215 217 219 221 223 225 226 227 228 229 231 232 233 234 235 236 238 239 240 243 244 245 246 247 249 250 251 252 253 254 255 256 0
1 2 4 5 6 7 8 11 14 15 16 17 18 19 20 21 22 23 24 25 26 29 31 32 35 37 38 39 40 42 44 45 46 48 49 50 51 52 54 55 56 57 58 60 62 63 64 65 66 67 68 69 70 71 72 73 74 75 76 77 78 79 80 81 82 83 84 85 87 88 89 91 92 93 94 95 96 97 98 100 101 103 104 105 108 109 110 112 113 117 118 119 121 122 123 125 126 128 0
1 2 6 9 11 13 17 19 22 25 26 28 30 32 0

15
4 6 7 8 9 10 12 13 14 16 18 20 21 22 23 24 25 26 28 29 30 31 33 35 36 38 39 42 43 46 50 51 52 54 57 59 60 61 62 63 64 65 66 67 68 69 70 71 72 73 74 75 76 77 78 79 80 81 82 83 84 88 89 90 92 93 94 95 96 97 98 100 101 102 103 104 105 106 107 108 109 110 111 112 113 114 116 118 120 121 122 124 126 127 128 130 131 132 133 134 135 136 137 138 140 141 142 143 145 147 148 149 150 152 153 154 155 156 157 158 159 160 161 162 163 164 165 166 167 168 169 170 171 172 173 174 175 176 177 178 180 181 182 184 185 186 187 188 189 190 191 192 193 194 195 196 197 198 199 200 201 202 203 204 205 206 208 209 210 214 215 216 217 219 220 221 222 223 224 225 227 229 230 231 234 235 236 237 238 239 240 242 243 244 245 246 247 248 249 250 251 252 253 254 255 256 0
1 2 5 6 7 8 10 11 13 14 16 17 18 19 20 23 24 25 26 31 35 36 39 40 42 43 44 45 46 48 49 50 52 53 54 55 56 57 59 60 61 62 64 65 66 68 69 70 71 72 75 76 77 78 79 80 81 84 85 87 88 89 90 91 92 93 94 95 96 97 98 100 102 103 104 105 107 108 109 110 111 112 113 114 115 116 118 120 123 125 126 127 0
1 2 3 4 5 6 7 8 11 12 14 15 16 21 22 23 24 25 27 28 30 31 32 0

16
3 4 5 6 7 10 11 12 15 16 17 18 19 20 21 23 24 25 26 29 32 33 34 37 38 40 43 45 46 47 48 52 53 56 57 58 59 60 61 63 68 71 74 75 76 77 78 79 80 81 82 83 84 85 86 87 88 89 90 92 94 95 96 97 98 102 103 104 107 108 109 112 116 117 120 121 122 125 127 130 131 132 134 135 137 138 139 141 142 143 144 145 146 147 148 149 150 151 152 153 154 155 156 157 158 160 161 162 163 164 165 167 168 172 173 180 181 184 185 186 187 188 189 191 195 196 197 199 200 203 204 205 208 210 211 214 215 217 218 219 221 224 225 226 228 232 233 235 236 237 238 239 240 241 243 244 245 246 251 252 254 255 256 0
1 3 4 6 7 8 11 14 15 16 18 19 24 25 26 28 31 32 35 36 39 40 41 42 43 46 48 51 53 54 55 56 57 58 59 61 63 64 65 66 67 68 70 73 75 76 77 78 79 80 82 84 86 89 91 92 93 94 95 96 97 100 107 109 110 112 113 114 115 116 117 119 125 126 127 128 0
4 6 8 9 11 13 14 20 22 24 27 31 0

17
2 3 5 6 7 8 11 12 13 15 16 19 21 23 24 25 27 29 30 31 33 36 37 38 40 41 43 44 45 49 52 53 54 59 60 61 62 64 68 71 72 74 75 76 77 78 79 80 83 84 88 89 92 96 97 98 99 100 101 102 103 104 105 106 108 109 110 111 112 113 114 115 116 118 119 120 122 123 124 125 127 128 129 131 132 133 134 135 136 138 140 141 147 153 156 161 162 163 164 165 166 167 168 169 171 172 173 175 176 177 178 179 180 181 183 184 185 186 187 188 190 191 192 193 194 195 196 197 198 199 200 201 202 203 204 205 206 207 208 209 210 213 216 217 219 223 224 226 227 228 229 230 231 234 235 236 238 240 241 243 244 245 249 250 251 252 253 254 255 256 0
1 2 3 4 5 6 7 8 9 11 12 13 14 15 17 18 20 22 25 27 29 30 32 33 34 35 36 39 40 42 43 44 45 46 47 49 51 53 57 59 60 62 64 65 66 67 69 70 72 73 74 75 76 77 78 79 80 81 82 84 85 88 92 94 95 96 98 100 106 108 109 111 112 115 116 117 118 119 121 123 124 125 127 0
3 6 7 11 12 14 17 22 26 27 28 0

18
2 3 6 7 8 9 10 11 13 14 15 16 18 21 24 26 27 28 29 33 34 35 36 37 41 42 46 47 48 49 50 54 56 58 59 60 61 62 63 64 66 67 70 71 72 73 74 75 76 78 79 80 81 82 83 84 85 90 91 93 94 97 98 100 101 102 103 105 106 107 108 109 110 112 113 114 115 116 117 120 122 123 124 126 127 128 130 131 133 134 135 136 137 138 141 142 143 144 146 148 149 152 154 155 156 157 161 162 163 164 165 166 167 169 170 172 173 174 176 177 178 182 183 184 185 186 187 191 192 194 195 196 198 199 200 202 204 205 206 209 212 213 216 219 220 221 222 224 226 227 229 233 236 238 241 242 243 244 245 246 247 248 249 251 252 253 254 255 256 0
4 6 11 12 13 14 15 16 18 20 21 24 26 28 29 30 31 32 33 35 37 42 43 44 46 47 48 49 51 53 54 57 58 61 62 63 64 67 68 69 71 72 73 75 77 78 79 80 81 82 86 91 93 94 95 96 97 101 112 113 114 115 116 117 118 121 122 124 125 127 128 0
4 6 7 12 13 14 19 21 22 23 24 25 27 28 31 0

19
1 2 3 4 5 6 7 9 10 11 12 13 14 15 16 17 18 19 21 22 23 24 27 28 29 30 35 37 38 41 43 45 47 48 49 51 53 54 55 57 58 59 60 62 63 65 66 67 68 69 70 72 73 74 76 77 78 79 80 82 83 84 86 87 88 91 92 96 99 100 101 102 103 105 106 107 108 109 110 112 113 114 115 116 117 118 121 122 123 124 126 127 129 130 131 132 133 134 136 137 138 139 140 141 142 143 144 145 146 147 148 149 150 151 152 154 155 162 163 164 165 166 169 171 172 173 174 175 176 177 178 179 180 181 182 185 186 187 188 190 191 193 194 195 196 197 198 201 202 203 204 205 206 208 209 210 211 212 213 215 217 218 219 221 224 227 228 229 230 231 235 238 242 243 244 245 246 247 249 250 251 252 253 254 255 256 0
2 3 4 5 6 7 9 10 11 12 13 14 15 16 17 18 19 22 23 24 28 29 31 32 33 34 35 36 37 38 39 42 43 44 46 47 49 50 51 52 53 54 55 56 57 60 61 63 65 67 70 73 74 77 78 79 80 81 82 83 84 85 86 87 88 92 94 95 96 97 98 99 103 104 105 111 112 113 114 115 116 117 118 119 121 122 124 125 127 128 0
2 4 6 7 10 11 13 14 15 16 19 20 22 24 26 27 28 29 31 0

20
2 3 4 5 7 8 9 10 11 12 13 15 16 18 19 20 21 24 27 28 29 30 31 33 35 39 40 43 45 46 47 50 53 54 55 56 59 64 65 66 67 68 69 70 72 73 74 75 76 77 80 82 83 84 85 86 88 91 93 94 95 96 97 99 100 101 102 103 104 105 106 107 109 110 111 113 114 115 117 119 120 121 123 125 126 127 128 129 130 131 132 133 134 135 136 137 138 139 140 141 142 143 144 146 147 148 149 150 151 152 156 157 158 159 160 163 164 165 166 167 168 169 170 171 172 173 174 175 176 177 178 179 180 181 182 183 184 187 190 191 192 195 196 197 198 199 200 201 202 203 205 206 207 208 209 210 211 212 216 219 220 221 222 225 226 227 228 229 230 231 232 233 234 235 236 237 238 239 240 241 242 243 245 246 247 248 249 250 251 252 253 254 255 256 0
1 2 4 6 9 10 11 12 13 14 15 16 18 19 21 22 23 24 26 27 28 30 31 32 34 37 38 39 40 41 42 43 44 45 46 48 49 50 52 53 54 59 61 62 63 64 66 67 70 71 73 74 75 76 78 80 82 83 85 88 89 90 91 92 93 94 95 96 99 100 101 102 103 105 106 108 111 112 113 114 116 117 118 120 121 122 124 125 126 127 128 0
1 3 4 5 6 9 10 12 15 16 20 24 27 28 32 0

21
1 2 3 5 6 9 10 11 12 13 14 15 16 18 20 21 24 28 29 30 31 32 33 34 35 36 37 38 39 40 41 42 43 46 47 48 49 50 53 54 55 56 58 59 60 61 62 65 66 67 68 69 70 73 74 75 76 77 78 79 80 85 86 87 88 91 92 93 94 95 96 97 98 100 101 102 103 104 105 106 110 111 112 117 118 119 120 122 123 124 125 126 129 130 132 133 134 137 138 139 140 141 142 143 144 146 148 149 156 157 158 159 160 161 162 163 164 165 166 167 168 169 170 174 175 176 178 179 181 182 183 184 186 187 188 189 190 193 194 195 197 198 201 203 204 205 206 207 209 212 213 216 221 222 225 227 229 230 234 236 240 243 244 245 247 248 249 250 251 252 254 255 256 0
1 2 4 6 7 8 9 10 12 13 14 17 21 22 23 26 27 29 32 33 34 35 38 40 41 42 43 44 45 46 47 48 49 50 51 53 54 55 56 57 58 61 63 67 68 69 70 71 72 73 77 78 79 81 84 85 89 90 92 93 95 96 100 101 102 104 105 109 110 113 116 117 118 121 123 125 126 0
2 3 5 6 9 10 11 12 14 15 16 17 18 21 22 24 26 29 30 0

22
2 3 4 5 6 7 8 9 11 12 13 17 19 20 21 26 27 28 29 30 31 32 35 36 37 38 39 40 42 43 44 45 46 47 51 52 53 54 56 57 58 59 61 63 65 66 69 70 71 72 74 75 76 80 82 83 85 86 87 88 89 90 91 92 93 94 95 97 98 99 100 101 102 103 105 106 109 110 111 112 114 115 117 118 119 120 122 124 125 127 128 129 130 131 133 134 136 137 138 139 140 141 142 143 144 145 146 147 148 149 150 151 152 153 154 155 156 157 158 159 160 161 162 163 164 165 166 167 168 169 170 171 172 173 174 175 176 178 179 180 181 182 183 184 185 186 187 188 189 190 191 192 193 194 195 196 197 198 199 200 201 203 204 205 206 207 208 209 212 213 214 215 216 218 219 220 221 222 223 224 226 227 228 229 231 233 234 235 236 238 239 240 242 243 244 245 246 247 249 250 251 252 254 255 256 0
1 2 3 4 6 8 11 12 13 14 15 18 19 20 22 23 24 25 26 27 29 30 31 33 34 35 36 37 38 40 41 42 43 44 45 46 48 49 50 51 53 54 55 56 57 59 60 61 62 64 65 66 67 68 69 72 73 74 76 77 79 80 81 82 83 84 85 86 87 88 89 92 93 94 95 96 97 99 100 101 102 103 105 106 108 109 110 111 112 113 114 116 117 118 119 120 122 123 124 125 126 127 128 0
1 3 4 5 7 8 10 13 15 16 17 18 19 21 23 24 25 26 27 28 29 31 32 0

23
3 4 5 6 10 12 13 14 16 17 18 24 25 26 27 28 29 30 31 33 34 35 36 37 38 41 42 44 45 46 47 48 49 50 52 53 54 56 57 58 60 61 62 63 67 68 69 70 74 76 77 78 80 81 82 84 88 89 90 91 92 93 94 97 98 99 100 101 102 107 108 109 110 111 112 114 116 117 118 119 124 125 126 127 132 133 134 137 138 140 141 144 145 146 150 152 153 154 155 156 157 158 159 161 162 163 164 165 166 169 170 172 173 174 175 176 177 178 180 181 182 183 184 185 186 187 188 189 190 191 195 196 197 198 202 205 206 209 210 214 221 222 227 228 229 230 231 233 234 235 236 237 240 243 244 245 246 247 248 250 251 253 254 256 0
1 4 6 7 12 13 15 18 19 20 21 23 25 26 27 29 30 32 34 36 38 46 47 48 49 50 51 54 55 56 57 58 61 62 64 65 67 68 69 71 72 73 74 77 83 84 87 88 89 91 92 93 96 97 98 100 101 103 104 107 108 109 112 113 114 116 117 118 121 124 125 126 0
1 2 3 4 6 7 9 14 21 23 24 26 27 32 0

24
1 2 3 7 10 11 14 15 16 17 18 19 22 23 24 25 26 27 28 29 30 31 32 33 34 35 36 37 38 39 40 41 42 43 44 45 47 49 51 52 53 55 57 61 65 66 70 71 74 77 78 79 80 81 82 83 86 87 88 89 90 91 92 94 95 96 97 98 99 100 102 103 104 105 108 115 116 117 118 120 125 126 127 128 129 130 131 138 139 142 143 145 146 147 150 151 152 153 154 155 156 157 158 159 160 161 162 163 164 165 166 167 168 171 172 173 177 178 179 180 181 185 186 188 189 190 191 192 193 194 195 198 199 202 203 206 207 210 211 214 215 217 218 219 220 222 223 224 225 226 227 228 229 230 231 232 233 234 235 236 237 240 241 242 243 245 246 247 251 252 253 255 256 0
1 2 3 4 5 6 7 8 10 13 14 15 17 18 20 23 25 27 28 30 31 33 35 38 39 41 42 43 44 45 46 47 49 51 53 55 56 57 58 59 60 61 62 63 65 67 71 72 73 74 75 76 78 80 82 84 86 89 91 92 94 95 96 98 100 102 105 106 109 110 113 115 117 119 121 122 125 127 128 0
1 2 4 6 8 10 13 17 18 19 20 22 23 26 27 30 31 32 0

25
1 2 3 4 5 8 11 12 13 14 15 16 17 18 19 20 21 22 23 24 25 26 27 29 30 31 32 33 34 37 38 39 40 42 43 46 47 48 50 51 52 53 54 55 56 57 58 59 60 61 62 67 68 72 74 75 76 77 78 80 81 82 83 84 85 87 88 89 90 91 92 93 96 97 98 99 100 101 104 105 106 107 108 109 110 112 113 114 115 116 117 119 120 121 126 129 130 132 133 134 135 136 139 140 141 142 143 144 146 147 148 149 151 152 153 154 155 156 157 158 159 160 161 162 163 164 165 166 167 170 172 173 175 176 177 178 179 180 181 182 183 184 185 186 187 188 189 190 195 196 197 198 200 201 202 203 204 205 206 207 208 209 210 211 214 215 216 217 218 219 220 221 223 224 226 227 228 229 231 232 233 234 235 236 237 238 239 240 241 242 243 244 245 246 247 249 250 251 252 253 254 255 256 0
1 3 5 6 7 8 9 11 12 13 14 15 17 18 19 20 21 22 23 24 26 28 29 30 31 32 33 34 35 37 38 39 41 42 43 44 45 46 47 49 50 51 52 53 54 55 56 57 58 60 61 62 64 65 66 67 68 69 70 71 72 73 74 75 76 77 78 79 80 81 82 84 85 88 89 90 91 92 93 94 96 97 98 101 102 103 104 105 106 107 108 109 110 111 112 113 114 115 117 118 119 120 121 122 123 124 125 126 127 0
2 3 4 5 6 7 9 10 11 12 14 15 16 17 18 19 20 23 24 28 29 32 0

26
1 6 7 8 10 11 12 13 14 15 16 17 19 20 21 22 24 27 28 29 30 31 33 35 36 38 42 43 44 45 46 47 49 50 51 52 53 57 58 60 61 64 65 70 71 72 73 76 77 78 79 80 81 84 88 89 90 92 93 94 95 96 97 98 99 100 101 102 103 104 105 106 107 108 110 111 112 113 114 115 116 117 120 121 122 123 124 126 127 128 129 130 131 132 133 134 135 136 137 138 139 140 141 142 143 144 145 147 148 151 152 153 154 156 159 160 161 162 163 165 166 167 168 169 170 171 172 173 174 175 176 177 178 180 181 182 183 184 185 186 187 188 189 190 191 192 193 194 195 196 197 198 199 200 201 202 203 204 206 207 208 209 211 212 213 214 215 216 217 218 220 221 223 224 225 226 227 228 229 230 232 234 235 238 239 240 241 242 243 244 245 246 247 248 249 250 251 252 253 254 255 256 0
2 3 4 5 7 8 9 10 11 12 13 14 15 19 21 24 25 26 27 28 29 31 32 33 36 37 39 40 41 42 43 44 45 46 47 48 49 50 52 54 56 57 58 59 61 62 64 65 68 71 73 76 77 78 79 80 81 82 83 84 85 87 88 89 90 92 93 94 96 99 100 102 103 104 105 107 108 112 114 115 120 121 125 126 127 0
3 6 11 12 14 16 19 20 22 23 24 27 28 29 30 0

27
2 3 4 5 8 9 10 11 12 13 14 15 16 17 18 20 21 22 25 26 29 31 33 38 39 41 43 44 47 49 50 51 52 53 54 55 56 58 63 64 65 66 70 72 73 74 76 77 78 79 80 82 83 84 88 89 90 91 92 94 96 97 98 99 100 102 104 105 106 107 108 109 111 112 113 115 116 119 120 121 122 123 124 126 127 128 129 130 131 132 133 134 137 138 139 140 141 142 143 144 145 147 148 149 150 152 153 154 155 156 157 158 159 160 161 162 164 165 166 167 168 169 170 171 172 173 175 176 177 178 179 180 181 183 184 185 186 187 188 189 190 191 192 193 194 195 196 197 198 199 200 201 202 203 204 205 206 207 208 209 211 212 213 215 216 218 221 222 223 224 226 227 230 231 232 233 234 235 237 239 240 241 242 243 245 246 248 249 250 252 253 254 255 256 0
2 4 5 7 8 9 13 14 16 17 18 19 20 22 24 26 29 31 33 34 36 37 38 40 41 42 43 46 47 48 49 50 51 52 53 54 56 57 59 60 61 62 63 64 65 68 69 70 72 73 74 75 76 77 78 79 80 81 82 83 84 87 88 89 90 91 92 93 94 95 96 97 98 99 100 101 102 104 105 107 108 109 110 112 113 115 116 117 119 120 121 122 123 124 125 126 127 0
1 2 3 4 5 6 8 9 10 11 14 15 17 19 20 21 22 23 26 27 30 31 32 0

28
3 4 9 10 11 14 15 17 18 19 25 27 28 29 30 33 34 35 36 37 38 39 41 42 43 44 47 48 49 50 51 52 55 56 57 58 63 64 67 68 73 75 76 78 81 82 83 84 89 92 93 98 100 101 102 105 106 107 108 111 112 113 114 115 119 120 121 122 123 127 128 131 132 137 138 139 142 145 146 147 155 156 157 158 162 163 164 165 166 167 169 170 171 172 175 176 177 178 179 182 183 184 185 186 187 191 192 195 196 197 203 204 205 206 209 210 218 219 221 226 228 229 231 234 235 236 237 238 240 241 242 244 247 248 249 250 251 252 253 254 255 256 0
1 3 4 6 7 12 13 14 15 16 19 21 23 24 27 29 30 31 32 35 39 40 43 44 45 47 48 50 57 58 59 60 61 62 63 64 66 67 69 71 72 74 75 77 78 79 83 84 87 88 90 91 93 94 95 96 97 98 100 103 104 109 110 111 113 114 115 117 118 120 121 124 125 126 127 0
1 2 4 14 15 18 19 21 22 23 25 26 27 29 0

29
3 4 5 6 9 10 11 12 13 14 17 18 19 20 21 22 25 26 29 30 31 33 34 37 38 39 41 42 43 44 46 48 50 52 53 55 56 57 58 62 63 67 68 76 78 81 82 83 84 85 89 101 102 105 106 107 108 109 110 111 112 113 120 121 123 126 127 128 131 132 133 134 137 138 139 142 145 146 147 148 154 156 157 158 159 161 162 164 165 166 167 169 170 171 172 173 174 175 176 177 178 182 183 184 185 186 187 188 189 190 191 192 195 196 197 198 204 205 206 209 210 213 214 219 220 221 222 226 229 231 233 234 235 236 237 238 240 242 244 245 246 247 248 252 253 254 256 0
1 4 5 6 7 8 10 11 12 13 14 15 16 19 21 23 24 26 28 29 30 31 32 33 34 35 37 39 40 42 43 44 45 46 47 48 49 50 51 53 54 55 57 58 60 61 62 63 64 65 67 68 69 70 71 73 74 75 76 77 78 79 80 81 83 84 86 87 88 89 90 92 93 94 95 96 97 99 100 103 107 109 110 111 112 113 114 115 118 120 121 124 125 126 127 0
1 2 3 4 5 10 11 14 15 18 21 23 27 29 0

30
1 2 5 6 10 11 12 14 20 25 28 30 32 33 34 35 36 38 40 41 42 43 44 45 46 48 49 50 52 53 54 55 56 57 58 59 60 61 62 63 64 65 66 67 68 69 74 75 76 77 78 83 84 86 88 89 91 92 93 95 96 97 98 103 104 105 106 107 108 109 112 113 114 116 117 119 120 121 122 123 124 126 127 128 129 130 131 132 133 134 135 136 138 139 140 141 142 143 147 148 149 150 151 153 155 156 157 158 159 160 161 162 164 165 166 167 168 169 170 171 172 173 174 175 176 177 178 179 180 181 182 183 184 185 186 187 188 189 190 191 192 193 194 195 196 197 198 199 200 201 202 203 204 205 206 207 209 210 211 212 214 215 216 217 219 220 222 224 225 226 230 232 233 234 236 238 240 242 243 244 245 246 247 248 249 250 253 254 255 256 0
2 3 4 7 8 9 10 11 12 13 14 15 16 17 20 23 24 25 26 27 28 29 31 33 34 35 37 38 39 40 41 42 43 44 45 46 47 48 49 50 52 53 54 55 56 57 59 60 61 62 63 64 65 66 68 70 71 72 73 76 77 78 79 80 81 82 83 87 88 90 93 94 96 98 99 102 104 108 109 110 112 115 117 118 120 123 124 125 126 127 128 0
3 6 7 11 14 16 19 20 22 26 27 28 31 0

31
1 2 3 9 10 12 14 19 20 21 22 27 29 32 33 34 35 36 37 40 41 42 43 44 45 46 47 49 50 51 54 55 56 58 59 60 61 62 63 64 65 66 67 72 73 74 76 77 78 81 82 83 84 89 90 91 94 95 96 99 102 103 104 106 107 108 109 113 114 116 117 121 122 124 125 126 127 128 129 130 131 137 138 140 145 146 147 148 149 150 152 153 154 156 157 158 160 161 162 163 165 166 167 168 169 170 171 173 174 177 178 179 180 184 185 186 187 188 189 190 191 193 194 195 196 197 198 201 202 203 204 209 210 211 212 213 218 219 220 221 222 223 224 225 226 227 230 232 233 235 236 237 238 239 240 243 244 245 246 252 253 255 256 0
2 3 4 6 7 8 9 10 11 13 14 15 17 20 21 22 25 26 28 29 30 31 33 34 35 36 37 38 39 40 41 42 43 45 47 48 49 51 55 56 59 60 61 62 63 66 67 69 70 72 73 76 77 79 80 81 82 83 84 86 89 90 91 92 93 94 96 99 100 101 102 103 104 107 110 112 114 115 116 117 119 120 121 122 125 126 127 0
1 2 3 6 7 8 10 11 12 15 18 22 23 25 27 28 30 31 32 0

32
1 4 5 6 11 13 14 15 17 18 19 20 21 22 23 29 30 31 34 37 38 39 41 42 43 44 45 46 48 49 50 51 52 53 54 55 56 58 59 64 67 68 69 70 71 72 74 75 76 77 78 79 81 82 83 85 86 89 90 93 94 101 104 105 106 107 108 109 110 111 112 114 116 117 119 120 122 123 126 128 132 133 134 135 138 139 140 141 143 145 146 147 148 149 150 156 157 158 159 162 163 164 169 170 171 172 173 174 176 178 180 181 182 183 184 186 187 191 192 193 194 195 196 197 198 203 204 205 206 207 209 210 211 212 213 214 219 220 225 226 227 228 229 230 231 235 236 237 238 239 240 242 243 244 245 246 247 248 249 250 251 252 253 254 255 256 0
2 3 5 6 7 8 9 10 11 12 14 15 17 19 20 21 23 24 26 27 29 30 31 32 33 34 38 42 43 44 47 50 51 52 57 58 60 61 62 63 65 67 68 69 70 71 72 73 74 77 78 79 80 82 83 85 87 89 91 92 93 94 95 96 99 103 106 108 110 111 112 113 116 117 118 120 121 123 124 125 126 127 128 0
1 2 3 6 7 9 10 11 12 14 15 17 19 22 25 26 27 28 29 30 32 0

33
1 2 3 4 5 7 8 10 13 14 15 16 18 19 20 21 22 23 24 26 27 28 29 30 31 34 35 36 37 38 39 42 43 44 45 46 47 49 50 51 52 53 54 55 56 57 58 60 64 65 67 68 69 70 71 72 73 76 77 80 81 82 83 84 85 86 87 88 89 90 91 92 95 96 97 99 100 101 103 105 107 108 109 110 111 113 115 116 117 118 120 121 122 124 125 126 127 128 129 130 131 132 134 135 136 137 138 139 140 141 142 143 144 145 146 147 148 149 150 151 152 153 154 155 156 157 158 159 160 161 162 163 164 165 166 167 168 169 170 171 172 173 174 175 176 177 178 179 180 181 182 183 184 185 186 187 188 189 190 191 192 193 194 195 196 197 198 199 200 202 203 205 206 207 208 209 210 211 212 213 214 215 216 217 218 219 220 221 222 223 224 225 226 227 228 229 230 231 232 233 234 235 236 237 238 239 240 242 243 244 245 246 247 249 250 252 253 254 255 256 0
1 2 3 4 5 6 7 9 10 11 12 13 14 15 17 18 19 20 21 22 23 24 26 27 28 31 33 35 36 37 38 40 42 43 45 46 47 48 49 50 51 52 53 54 55 56 57 59 61 62 63 64 65 66 67 68 69 70 72 73 74 75 76 77 78 79 80 81 82 83 84 85 86 87 88 89 90 91 92 93 94 95 96 97 99 100 101 102 103 104 105 106 107 110 111 112 113 114 115 117 118 119 121 123 124 125 126 127 128 0
1 2 3 4 7 10 13 14 15 16 17 18 19 20 21 22 23 26 27 28 29 30 31 32 0

34
4 5 6 7 8 11 12 13 14 15 16 17 18 19 20 21 24 25 27 28 29 30 33 34 35 36 37 38 39 40 41 42 43 44 45 46 47 48 49 50 51 52 55 56 57 58 59 63 64 68 69 70 71 72 75 76 77 79 80 81 83 84 85 88 89 92 93 94 95 96 97 98 99 100 101 102 103 104 105 106 107 108 109 110 111 112 113 114 115 116 117 119 120 121 122 123 124 125 127 128 132 133 134 135 136 139 140 141 142 143 144 146 147 148 149 152 153 155 156 157 158 161 163 164 165 166 167 169 170 171 172 175 176 177 178 179 180 183 184 185 186 187 191 192 195 196 197 198 199 200 204 205 206 207 208 209 211 212 213 216 220 221 222 227 228 229 230 233 234 235 236 238 239 240 241 245 246 248 249 250 253 254 0
1 2 4 6 7 12 13 14 17 19 20 21 22 27 29 30 31 32 33 34 36 37 40 42 43 44 45 47 48 50 51 52 53 54 56 57 58 61 63 64 67 68 70 71 72 74 75 77 79 81 83 84 85 88 90 93 94 95 96 97 98 99 101 104 111 113 114 116 117 118 121 124 125 127 0
1 4 5 8 10 11 14 19 20 21 25 27 28 29 30 0

35
1 2 3 5 6 7 8 9 10 12 13 14 17 20 21 25 28 30 34 36 37 38 41 42 45 47 48 49 50 51 52 54 55 57 58 59 60 61 62 63 65 66 67 68 72 74 75 76 77 78 79 80 81 82 83 84 85 86 88 92 94 95 96 97 98 100 101 102 103 104 105 107 108 109 110 111 112 113 117 118 119 120 121 123 124 125 126 127 128 129 130 131 132 134 135 137 138 139 140 141 142 143 144 145 146 147 148 149 150 152 153 154 155 156 157 158 159 160 161 163 164 165 166 167 168 170 171 172 173 174 176 177 179 180 181 182 183 184 185 186 187 188 189 190 191 192 193 194 195 196 197 198 199 200 201 202 203 207 208 209 211 214 216 218 219 220 222 225 226 227 228 229 230 233 235 236 237 238 239 240 241 243 244 245 246 248 249 250 251 252 253 254 255 256 0
1 2 4 5 6 7 8 9 10 11 13 14 16 17 19 21 23 24 25 26 27 28 29 30 31 33 34 35 38 40 41 43 44 45 46 47 48 49 50 51 52 53 55 56 57 58 62 63 64 65 67 69 73 74 75 77 80 81 83 84 86 89 90 91 92 95 96 97 98 99 100 102 105 107 108 109 110 112 113 114 116 117 118 119 120 122 123 125 126 127 128 0
1 2 4 6 7 8 9 10 13 14 19 23 25 28 31 32 0

36
1 2 3 7 9 10 11 12 13 14 15 16 19 20 21 22 23 24 27 28 29 30 31 32 34 35 36 37 38 39 40 41 42 43 44 45 46 47 48 49 50 51 52 53 54 55 56 57 58 59 61 65 66 67 69 70 71 72 73 74 76 77 78 79 82 83 84 85 86 87 90 91 92 93 94 95 96 98 99 100 102 104 105 106 107 108 109 110 112 113 114 115 116 117 118 119 120 121 122 123 129 130 136 138 140 141 142 143 144 147 148 149 150 151 152 154 155 156 157 158 159 160 164 165 166 168 169 171 172 173 174 175 176 177 178 179 180 181 182 183 184 185 186 187 188 189 193 194 195 199 202 203 204 205 206 207 211 212 213 214 215 216 219 220 221 222 224 226 227 228 229 230 231 232 233 234 235 236 237 238 239 240 241 243 244 245 246 247 249 251 252 253 254 255 256 0
2 4 5 6 7 9 10 11 13 14 15 16 17 19 20 21 22 24 27 29 30 32 34 36 37 38 39 40 41 42 43 44 45 46 47 49 51 52 53 54 60 61 62 64 67 68 69 71 72 73 74 75 76 77 78 79 80 82 83 84 85 86 90 91 92 93 94 95 96 98 99 101 102 103 104 105 106 107 108 110 111 112 113 114 115 116 117 118 120 121 123 124 125 127 128 0
1 2 3 6 7 8 9 12 13 14 15 17 18 21 24 25 26 27 28 29 0

37
1 4 6 7 8 9 12 13 14 15 16 17 18 19 20 21 22 25 26 28 31 34 35 36 37 38 39 40 41 42 43 45 46 47 48 49 50 51 55 56 57 58 59 63 66 67 69 70 72 73 74 75 76 77 79 80 81 82 83 84 87 89 90 98 100 103 105 107 108 109 110 111 112 113 114 116 118 119 120 122 123 126 127 129 130 131 132 133 134 135 136 137 138 139 140 141 142 143 144 145 146 147 148 149 152 153 154 155 156 157 160 162 163 164 165 166 167 168 169 170 171 172 173 174 175 176 177 178 179 180 182 183 184 185 186 187 190 191 192 193 194 195 196 197 198 199 200 205 206 207 210 214 215 216 217 218 219 220 223 224 226 228 229 230 231 232 233 234 235 236 237 238 240 243 244 245 246 249 251 252 253 254 256 0
1 2 3 6 7 8 9 10 12 13 14 15 16 17 19 20 21 23 24 26 27 29 32 33 34 35 37 38 39 41 43 44 45 47 48 50 51 52 53 56 58 59 61 62 63 64 65 66 68 69 71 73 74 75 76 77 78 79 80 81 82 83 84 86 87 89 91 92 93 94 95 96 98 100 103 104 105 106 108 109 110 111 114 115 118 119 120 121 123 124 125 127 0
1 2 4 5 6 9 10 13 15 16 18 19 20 23 26 29 0

38
3 4 5 6 9 10 11 13 15 16 19 20 21 22 23 28 29 33 36 37 38 39 41 42 43 44 46 47 48 49 50 51 52 53 54 55 56 57 60 61 62 63 65 66 67 68 69 70 72 73 74 75 76 77 78 80 81 82 83 84 85 87 88 89 90 92 93 99 100 101 102 103 104 106 107 110 111 112 113 114 115 117 118 119 120 126 127 128 129 130 131 132 133 134 135 136 137 138 139 140 141 142 143 144 145 146 147 148 149 150 151 152 153 154 156 157 158 160 161 164 165 166 168 169 170 171 175 176 177 178 179 180 181 182 183 184 186 187 188 189 190 191 192 193 194 195 196 197 198 199 200 201 202 203 204 205 206 207 208 209 210 211 212 213 214 215 217 218 223 224 225 229 230 234 235 236 237 238 239 240 241 243 244 245 246 247 249 250 251 252 254 255 256 0
1 4 9 11 13 14 15 16 18 19 20 22 25 27 28 29 30 31 32 34 35 36 38 40 42 43 44 46 47 49 51 52 53 57 58 59 60 61 65 66 67 69 70 72 73 77 78 79 80 81 82 83 84 87 90 93 95 97 99 100 101 102 104 105 106 108 110 111 112 113 116 120 121 124 126 127 128 0
2 3 5 6 7 9 12 13 14 20 21 26 27 31 32 0

39
9 10 11 14 15 16 17 18 19 21 24 25 26 27 28 29 30 31 32 33 34 35 36 37 38 39 40 41 44 48 52 53 54 58 59 63 64 65 66 67 68 69 70 71 72 73 77 79 80 81 83 84 85 86 87 88 89 90 92 93 95 96 98 99 101 103 104 105 106 108 109 110 111 112 113 114 115 116 118 120 121 122 123 125 126 127 128 129 130 131 132 133 134 135 136 137 138 139 140 141 142 143 144 145 146 147 149 150 151 152 153 154 155 156 157 158 159 160 161 162 163 164 165 166 167 168 169 170 172 173 174 175 176 177 178 179 180 181 182 183 184 185 186 187 188 189 190 191 192 193 194 195 196 197 198 199 200 201 202 203 204 205 206 207 208 209 210 213 214 215 216 217 218 221 223 224 225 226 228 229 230 231 232 233 234 235 236 237 238 240 241 243 244 245 246 247 248 249 250 251 252 253 254 255 256 0
1 2 3 4 5 6 7 8 13 14 15 17 18 20 21 23 24 28 29 31 36 37 38 39 41 43 45 46 48 49 51 53 54 55 56 57 58 59 60 61 62 64 65 66 67 68 69 71 72 73 77 78 79 83 84 86 87 88 89 90 91 92 94 96 97 100 101 103 104 105 107 108 109 111 112 113 115 116 117 118 119 120 122 123 125 126 0
1 4 6 7 9 10 13 19 21 26 29 30 0

40
3 4 6 7 8 10 11 13 14 15 16 18 19 20 22 23 24 25 26 27 28 30 31 32 33 34 35 36 37 39 40 41 44 45 48 52 53 54 57 58 59 62 63 67 68 70 71 72 75 76 77 78 79 80 82 83 85 86 87 88 89 90 91 94 95 96 97 98 102 103 104 108 109 111 112 116 117 118 122 123 126 130 131 132 134 135 136 138 139 142 143 144 146 147 149 150 151 152 153 154 155 156 157 158 159 160 161 162 164 165 166 167 168 171 172 173 180 181 185 186 187 188 189 190 191 194 195 198 199 200 203 206 207 208 210 211 214 215 218 219 222 223 224 225 226 227 231 232 233 235 237 240 244 245 249 252 253 254 255 0
1 3 6 8 11 14 15 17 18 20 21 24 25 26 28 29 31 32 33 35 36 39 40 41 42 43 44 46 48 49 50 51 52 53 55 56 57 59 60 61 62 64 66 67 69 71 73 75 76 78 80 82 84 86 89 91 92 94 95 96 97 98 100 102 105 107 110 112 113 115 117 119 121 122 125 127 128 0
2 3 7 8 11 13 16 17 18 21 22 23 25 27 28 30 0

41
2 3 6 7 8 10 11 14 15 16 17 18 19 22 23 24 25 26 27 28 30 31 32 33 34 35 38 39 40 43 44 45 48 51 52 53 56 57 58 59 60 61 62 63 65 67 70 71 72 73 74 75 78 79 81 82 83 86 87 88 90 91 92 94 95 96 97 98 102 103 104 105 108 109 112 113 115 116 117 121 122 123 124 125 126 129 130 131 133 134 135 136 137 138 139 142 143 144 145 146 147 150 151 152 153 154 155 158 159 160 161 162 163 167 168 171 172 173 176 177 178 179 180 181 182 184 185 186 187 188 189 190 191 193 194 195 198 199 200 202 204 205 207 208 214 215 216 217 219 222 223 224 225 230 231 232 235 236 237 240 243 244 245 249 251 255 0
3 4 5 6 8 10 14 18 20 21 22 23 24 26 28 31 32 35 36 37 39 40 41 42 44 45 46 48 49 51 52 53 55 57 59 60 61 62 64 65 66 68 69 71 73 75 77 78 80 83 84 86 87 89 91 92 94 95 96 97 98 101 103 107 110 112 113 115 117 119 122 125 128 0
3 6 7 8 11 13 16 23 25 26 27 28 30 0

42
3 4 7 9 10 13 15 16 17 18 21 23 24 25 26 27 28 29 30 31 32 33 34 35 36 37 39 42 43 44 45 50 52 53 54 55 56 58 59 62 63 64 66 67 68 74 75 76 80 81 82 87 88 89 90 91 92 93 94 95 96 97 98 99 100 103 107 108 109 114 116 117 118 119 122 123 126 127 128 131 132 135 137 138 141 143 144 145 146 149 150 151 152 153 154 155 156 157 158 159 160 161 162 163 164 165 166 167 170 171 172 173 178 179 180 181 182 183 184 186 187 188 190 191 192 195 196 199 204 207 208 209 210 215 216 218 219 220 221 222 223 224 225 226 227 228 231 233 234 236 238 243 244 248 249 251 252 253 254 256 0
1 3 4 5 6 7 9 13 15 16 20 21 23 25 26 28 29 31 33 34 36 37 38 39 40 41 42 43 44 45 46 47 48 49 51 53 54 55 57 58 61 63 65 66 71 72 73 76 78 79 81 82 83 84 86 87 88 89 92 93 94 96 97 99 100 102 105 107 108 110 113 115 116 117 119 121 122 125 127 128 0
1 2 3 6 7 9 10 13 16 17 18 22 23 24 25 26 27 28 29 31 0

43
1 2 3 4 5 6 8 9 10 11 12 14 15 17 18 19 20 23 27 28 31 35 38 39 40 41 42 43 46 49 50 52 53 56 57 58 60 62 63 64 65 66 67 70 71 72 73 74 75 76 77 78 79 80 81 83 84 85 86 87 88 89 90 91 93 94 95 96 97 98 99 100 101 102 103 104 106 107 109 110 111 112 114 115 118 119 120 121 122 124 126 127 129 130 131 132 133 134 135 136 137 138 139 140 141 142 143 144 145 146 147 148 150 151 153 154 155 157 158 159 161 162 167 168 169 170 172 173 174 177 178 179 182 184 185 186 187 188 190 193 194 195 196 197 198 199 200 203 204 205 208 210 211 212 214 215 216 217 218 219 222 223 224 225 226 227 230 231 232 234 235 238 239 240 241 242 243 244 245 246 247 248 249 250 251 252 253 254 255 256 0
1 2 5 6 8 10 12 13 14 15 16 18 20 21 23 24 25 26 28 31 32 33 34 35 36 37 38 39 40 43 44 46 47 49 51 52 53 55 57 60 62 63 64 65 66 67 68 69 70 71 72 73 76 77 78 79 80 81 82 83 84 89 91 92 93 94 95 96 97 98 99 100 101 102 104 105 110 111 113 114 116 117 118 119 121 122 123 124 125 127 0
2 4 5 6 7 9 10 11 12 14 15 16 17 18 19 20 21 22 24 26 28 29 30 32 0

44
1 2 3 4 5 6 9 10 11 12 13 14 15 16 17 18 19 20 21 22 23 24 28 29 36 37 38 41 42 43 45 46 47 48 49 50 51 52 53 54 55 56 60 61 63 64 66 67 68 69 70 71 72 73 74 75 77 79 80 82 83 85 86 87 88 92 93 94 100 101 102 105 106 109 110 112 113 114 117 118 119 120 124 125 126 127 128 129 130 131 132 133 134 137 138 139 140 141 142 143 144 146 147 148 149 151 152 156 157 164 165 166 169 170 171 172 173 174 176 177 178 179 180 181 183 184 187 188 189 190 191 192 193 194 195 196 197 198 201 202 203 204 205 207 208 210 211 212 213 215 216 224 228 229 233 234 236 237 238 239 240 241 242 243 245 248 249 250 251 252 253 254 255 256 0
1 2 4 7 9 12 13 14 18 19 20 21 22 24 28 29 30 31 32 33 34 35 38 39 40 41 45 46 49 50 51 53 61 65 67 68 69 71 72 73 74 77 79 80 82 83 85 88 90 92 93 94 95 96 98 101 102 103 105 106 108 110 113 115 116 117 118 121 122 126 0
3 7 8 10 11 12 14 17 21 24 26 28 31 32 0

45
3 4 5 6 7 8 9 10 11 12 14 18 19 20 22 23 35 36 37 38 39 40 41 43 46 47 48 50 53 54 55 56 57 58 59 60 61 62 63 64 65 66 67 68 69 70 71 72 73 74 75 76 77 78 79 80 81 82 84 85 86 87 89 93 94 95 96 97 98 99 100 101 104 105 106 108 110 112 113 115 116 117 118 119 120 121 123 124 125 128 130 131 132 133 134 135 136 137 138 139 140 141 142 143 144 146 148 151 155 156 157 158 159 163 164 165 166 167 168 169 170 171 174 175 176 178 179 180 181 182 183 184 186 187 188 189 190 191 192 194 195 196 197 198 199 200 203 204 205 206 207 208 209 210 211 212 214 215 216 217 221 222 230 231 232 235 236 237 238 239 240 241 242 243 244 245 246 247 248 249 250 252 253 254 255 256 0
2 3 4 6 12 15 16 17 18 20 21 22 24 25 27 29 30 32 33 34 35 36 37 38 40 42 44 45 46 47 49 52 53 54 57 58 60 62 63 64 66 67 68 69 71 72 73 74 75 76 77 78 79 80 81 82 83 84 85 86 88 90 93 97 98 99 101 106 107 108 109 110 111 113 114 115 116 118 119 120 121 125 126 128 0
1 4 7 8 9 13 19 21 22 23 25 28 30 0

46
1 2 3 4 5 6 7 8 9 11 12 14 15 16 17 18 19 20 21 22 23 26 27 28 30 31 32 34 35 36 37 38 39 40 41 43 44 45 47 49 50 52 53 54 55 56 58 59 60 61 62 63 64 66 68 69 70 71 72 74 75 76 77 78 79 80 83 85 87 88 89 90 92 95 96 97 99 100 101 102 103 104 105 108 111 112 113 114 115 117 118 119 120 122 123 124 125 127 128 129 130 131 132 133 134 135 137 138 139 140 143 144 145 148 149 150 151 152 154 155 156 157 158 159 160 163 164 165 166 167 168 169 171 172 173 174 176 177 178 179 180 182 183 184 185 186 187 188 189 190 191 192 193 194 195 196 197 198 199 200 201 202 203 204 205 206 207 208 210 213 214 216 218 219 220 221 222 223 224 225 226 227 228 229 230 231 233 234 235 236 237 238 240 241 243 244 245 246 247 248 249 250 251 252 253 254 255 256 0
1 2 3 4 6 7 9 12 14 15 16 18 19 20 21 22 24 27 28 29 30 31 32 33 34 36 37 38 39 42 43 44 45 46 48 49 50 51 54 55 56 58 59 62 64 66 67 68 69 71 72 74 75 77 79 80 81 82 83 85 86 87 88 91 92 93 94 95 96 100 101 102 103 104 106 108 111 112 115 116 119 121 123 124 125 127 128 0
1 2 3 4 6 7 9 10 12 13 14 15 18 19 21 24 31 0

47
3 4 5 7 9 13 14 15 16 17 20 21 22 23 24 25 26 28 31 32 36 37 38 39 40 41 42 45 47 48 49 50 51 52 54 55 56 59 60 61 63 64 67 68 70 71 72 73 78 79 80 81 83 84 87 88 89 91 92 93 96 100 101 104 105 106 107 108 109 110 111 112 113 114 115 118 119 120 121 122 123 124 125 126 127 128 129 131 132 133 136 137 141 142 143 144 145 150 151 152 155 156 157 158 159 160 163 164 165 166 168 169 170 171 172 173 174 175 176 177 178 179 180 182 183 184 185 186 187 188 189 190 191 192 195 196 197 199 200 201 204 205 206 207 208 209 211 216 218 219 221 222 223 224 226 227 228 231 234 235 236 237 240 241 242 244 245 246 247 248 249 250 251 252 253 256 0
1 4 6 7 9 11 12 13 15 17 18 19 21 23 24 25 26 27 29 30 32 33 34 35 36 37 38 39 42 43 45 46 47 50 53 55 56 57 58 59 60 62 63 64 65 67 68 69 71 72 73 74 75 76 77 78 79 80 81 82 86 88 91 92 93 94 97 99 100 103 105 106 107 108 109 110 111 112 113 114 115 118 120 121 125 127 0
1 2 3 4 6 7 10 15 16 18 19 20 23 24 28 29 31 32 0

48
2 3 5 6 7 8 11 12 16 19 20 21 25 29 30 32 33 34 38 41 42 47 48 49 50 51 52 53 54 55 56 57 58 59 60 61 62 63 64 68 70 71 72 75 76 80 89 91 92 93 98 99 100 101 102 103 104 106 107 109 110 111 112 113 114 115 116 117 118 119 120 124 126 127 128 130 131 132 133 134 135 136 139 142 152 153 156 157 160 161 162 163 165 166 167 168 169 170 171 173 174 175 176 177 178 179 181 182 183 184 185 186 187 188 190 191 192 194 195 196 197 198 199 200 208 210 211 212 213 217 218 219 220 221 222 229 230 231 238 239 240 241 242 244 245 247 248 252 253 254 256 0
6 7 8 9 11 12 13 14 15 16 18 19 21 27 29 30 31 32 33 34 38 39 42 43 44 46 47 49 50 51 52 54 55 58 59 61 62 63 64 65 66 67 68 69 70 72 73 75 77 78 79 83 84 86 87 90 92 93 94 95 97 99 100 101 107 109 110 111 112 113 114 115 117 118 120 121 123 125 127 0
2 7 9 11 14 15 18 19 22 25 28 29 32 0

49
1 2 6 9 10 11 12 13 15 16 17 21 24 29 30 31 36 37 38 39 41 42 43 44 45 46 47 48 49 50 51 52 53 54 55 56 58 59 60 62 63 64 65 66 68 70 71 72 74 75 76 80 81 88 89 93 94 97 100 102 103 104 105 106 107 108 109 110 112 113 114 115 116 117 118 119 120 122 123 126 127 129 130 131 132 133 134 135 136 137 138 139 140 141 143 144 145 146 149 151 152 157 158 159 160 162 164 165 166 167 168 169 170 171 172 173 174 175 176 177 178 179 180 181 183 184 186 187 188 190 191 192 193 194 195 197 198 199 200 201 202 203 204 207 208 209 210 212 216 219 220 224 227 228 229 230 236 237 242 243 244 245 246 247 248 249 252 253 254 0
3 4 5 9 10 11 12 13 14 15 16 17 18 19 20 22 24 28 29 30 31 32 33 34 35 38 40 41 42 43 44 45 47 48 49 52 53 54 56 58 59 61 63 64 67 68 69 72 73 74 75 76 77 79 85 86 87 88 92 93 94 96 97 98 99 100 102 105 106 108 113 115 116 118 119 121 122 124 125 127 0
1 2 3 4 6 7 9 11 13 14 17 21 23 24 25 26 27 28 32 0

50
3 4 10 11 14 15 16 18 19 22 23 24 26 27 28 29 30 31 32 33 34 36 37 38 39 40 44 45 46 48 52 53 54 56 58 59 60 61 62 66 67 68 70 71 73 74 75 77 78 79 80 82 86 87 88 91 92 93 94 95 96 99 100 101 102 103 104 106 107 108 109 110 112 116 117 118 120 122 123 124 125 126 130 131 135 136 138 139 141 142 143 146 147 149 150 151 154 155 156 157 158 159 160 162 163 164 165 166 167 168 172 173 176 180 181 182 184 186 187 188 189 190 191 194 195 202 203 204 207 209 211 214 215 216 217 218 220 221 223 224 225 226 228 229 230 231 232 233 234 236 237 238 239 241 242 243 246 249 250 251 252 254 255 256 0
1 2 3 4 6 7 8 9 14 15 17 19 20 21 23 25 26 28 29 31 32 35 36 39 40 43 44 45 46 49 53 54 55 56 57 58 61 62 65 66 67 69 71 73 76 77 78 79 82 87 89 92 93 94 96 97 100 102 104 105 106 107 109 110 112 113 115 117 119 121 122 125 126 127 0
1 2 4 7 13 18 19 22 23 27 28 30 31 0

51
2 3 6 7 8 10 11 12 13 14 15 16 18 19 21 22 23 24 25 26 27 28 29 30 31 32 33 34 35 36 37 38 39 40 41 44 45 52 53 54 58 59 60 61 62 63 67 70 71 74 75 76 77 78 79 80 82 83 84 85 86 87 88 89 90 92 93 94 95 96 97 98 99 100 102 103 104 105 108 109 112 115 116 117 118 122 123 124 125 126 130 131 134 135 136 138 139 141 142 143 145 146 147 149 150 151 153 154 155 156 157 158 159 160 161 162 163 164 165 166 167 168 169 172 173 180 181 182 184 185 186 187 188 189 190 191 194 195 198 199 203 205 206 207 210 211 213 214 215 217 218 219 220 221 222 223 224 225 226 227 228 231 232 233 235 237 240 244 245 249 250 251 255 256 0
1 2 3 4 5 6 7 8 9 10 11 14 17 18 19 20 23 25 26 28 29 31 35 38 40 41 42 43 44 45 46 49 50 51 53 55 56 57 59 60 62 65 67 69 71 75 76 77 80 82 84 86 89 90 92 93 95 96 97 100 103 104 107 109 112 113 115 117 119 122 124 125 126 128 0
2 5 9 13 15 16 17 18 21 22 23 24 27 28 31 0

52
1 3 4 5 8 16 17 20 21 22 23 24 25 26 28 29 31 32 33 35 37 39 40 45 46 52 57 58 62 64 65 66 67 68 70 71 72 73 74 75 76 77 80 82 86 88 89 90 94 95 96 97 99 100 101 102 103 104 106 107 108 110 111 112 113 114 115 116 117 120 121 125 126 128 129 130 131 132 133 134 135 136 137 138 139 140 141 142 143 144 145 147 148 149 150 151 153 154 155 156 157 158 159 160 161 162 163 164 165 166 167 168 169 170 171 172 173 174 177 178 179 180 181 182 183 184 185 186 187 188 189 190 191 192 193 194 195 196 197 198 199 200 201 202 203 204 206 207 208 209 210 211 212 214 215 217 218 220 221 225 226 227 230 232 233 234 235 236 237 238 239 240 242 243 244 245 246 249 250 251 252 255 0
2 3 4 5 6 7 8 10 12 13 14 15 19 22 23 24 25 29 30 31 32 36 37 38 39 40 41 42 44 45 46 47 48 49 50 53 54 55 56 57 58 59 60 61 62 64 65 66 67 71 72 73 74 75 76 77 78 81 82 83 84 85 86 87 89 92 93 96 98 100 101 103 104 105 106 107 108 110 115 117 119 120 121 122 123 127 0
1 5 6 7 8 10 16 17 21 22 23 27 30 31 0

53
3 4 5 6 8 9 10 11 12 14 17 18 19 22 23 24 25 27 28 29 30 31 32 33 35 36 37 38 40 41 42 43 47 48 53 54 55 56 57 59 60 61 62 63 64 65 67 68 69 73 74 75 78 79 81 83 84 86 87 94 95 96 97 102 103 104 105 106 107 108 110 111 112 116 118 119 120 124 125 126 127 128 131 132 133 134 137 138 139 140 141 142 144 145 146 147 148 149 150 151 152 153 154 155 156 157 158 159 160 161 162 163 164 165 166 169 170 171 172 173 174 175 176 180 181 182 183 184 185 186 187 188 189 190 191 192 195 196 197 198 200 202 204 205 206 211 212 213 214 215 216 217 219 220 221 222 223 224 227 228 229 230 232 233 235 236 237 238 240 242 243 244 245 246 247 248 249 250 251 253 254 255 256 0
1 2 4 5 6 7 8 9 10 11 12 14 15 20 21 22 23 24 26 29 32 33 34 35 36 38 40 41 42 43 44 45 46 47 48 50 51 55 56 57 58 59 64 65 67 68 69 70 71 72 74 75 76 77 79 80 81 83 84 86 89 90 91 92 93 96 97 99 103 107 109 111 113 114 117 118 120 121 123 124 125 127 0
2 3 4 5 6 9 11 12 14 15 16 17 20 24 25 28 29 0

54
4 5 6 10 11 12 13 17 18 19 20 23 25 28 29 30 31 36 37 38 39 41 42 43 48 50 52 53 55 56 58 59 60 61 68 69 70 73 75 76 77 78 81 83 84 85 89 92 93 98 101 105 107 108 109 111 112 113 114 115 118 119 120 122 127 128 132 133 134 138 139 141 142 145 146 147 149 154 155 156 157 158 163 164 165 166 172 173 174 175 176 177 178 179 182 183 184 185 186 187 188 189 190 191 192 195 196 197 198 204 205 206 209 210 212 213 214 219 225 226 227 228 229 230 231 234 235 236 237 238 240 243 244 245 246 247 248 249 251 252 253 254 255 256 0
2 6 7 8 10 11 12 14 16 17 19 21 23 25 26 28 29 30 31 32 36 37 38 42 43 44 45 47 48 50 51 53 55 57 58 61 62 63 64 65 67 68 71 72 73 74 75 76 77 78 79 80 83 84 86 87 90 91 92 93 94 96 97 98 103 104 107 109 110 111 113 114 116 118 120 121 124 125 0
1 2 4 5 7 11 14 15 18 21 22 23 24 29 0

55
2 3 6 7 9 10 11 12 15 16 17 18 19 20 21 22 23 24 29 36 37 38 40 41 42 43 44 45 46 47 48 49 50 51 52 53 54 55 56 57 60 61 62 64 66 67 68 70 71 72 73 74 75 76 79 80 81 82 83 85 86 87 88 91 94 100 101 102 105 107 110 113 114 115 116 117 118 119 121 122 124 125 127 128 130 131 134 135 137 138 139 140 142 143 144 145 146 147 148 149 150 151 152 156 157 158 160 164 165 166 168 169 170 171 172 173 174 176 177 178 179 180 181 182 183 184 186 187 188 189 190 192 193 194 195 198 199 201 202 203 204 208 210 211 217 219 221 222 223 224 226 227 228 229 233 236 237 239 243 244 245 247 248 249 250 251 254 255 0
1 2 3 4 5 7 11 12 13 14 15 16 19 21 22 23 24 26 29 30 32 33 34 37 38 39 46 48 49 51 52 53 56 58 61 65 66 67 68 69 71 72 73 74 75 76 77 78 80 82 85 88 91 92 93 95 96 98 99 101 102 106 108 111 112 113 115 116 119 121 122 126 0
2 5 8 10 12 15 16 19 27 28 29 30 0

56
1 2 3 4 5 6 7 9 10 13 15 16 17 18 19 20 21 22 24 27 28 30 31 32 35 36 37 38 39 40 41 43 44 45 46 47 48 49 52 53 54 55 56 57 58 59 60 61 62 65 66 67 68 70 71 72 76 78 79 80 82 83 84 85 86 87 88 89 90 92 93 94 95 96 97 98 99 100 101 102 103 104 105 107 108 109 110 111 112 113 114 116 117 118 119 120 121 122 123 124 125 126 127 128 129 130 131 132 133 134 135 138 141 143 145 146 147 148 149 150 152 153 154 155 156 157 158 159 160 161 162 163 164 165 166 167 168 169 170 171 172 173 174 175 176 177 179 180 181 182 183 184 185 187 189 190 191 192 193 194 198 200 201 202 203 204 205 206 208 209 211 212 213 214 215 216 217 219 220 221 222 223 224 225 226 227 228 229 230 231 233 234 235 236 237 238 240 242 244 246 247 248 249 250 251 252 253 254 255 256 0
1 2 3 5 6 7 8 11 12 13 14 15 16 17 19 21 22 23 24 26 27 28 29 30 31 32 33 34 35 36 37 39 40 41 42 43 44 45 46 47 48 50 55 56 57 58 59 61 63 64 65 66 67 69 70 71 72 73 76 79 81 82 83 84 85 87 88 89 90 91 92 94 95 96 98 102 103 104 105 106 107 108 109 110 111 112 113 114 115 117 118 122 123 124 125 126 127 128 0
1 2 3 8 10 11 12 13 15 16 17 19 20 21 23 24 25 26 27 31 0

57
1 2 3 4 7 8 9 10 14 15 16 17 18 19 20 22 23 24 27 28 31 32 35 36 38 39 41 42 44 45 48 49 50 51 55 56 58 59 62 63 66 67 68 71 72 73 76 79 80 81 86 87 88 91 92 95 96 99 100 103 104 105 106 107 108 109 112 113 114 119 120 122 123 124 127 128 131 132 135 136 137 138 140 142 143 144 145 148 149 150 151 152 155 156 159 160 163 164 165 166 167 169 172 173 176 178 179 182 183 184 185 186 187 190 191 192 195 199 201 204 207 208 209 210 211 214 215 216 218 219 220 222 223 224 226 231 233 234 235 236 237 238 239 242 244 245 246 247 248 249 252 253 256 0
1 3 4 6 9 11 12 14 15 18 19 21 23 24 27 28 29 31 32 33 35 36 37 39 42 43 47 48 49 52 53 54 56 57 58 59 60 61 62 64 65 66 67 69 71 72 74 77 78 79 80 81 82 86 87 94 95 96 97 99 103 106 107 110 111 115 116 118 119 121 123 124 125 127 0
1 4 6 8 10 13 15 18 19 23 25 26 28 30 0

58
9 10 11 12 13 14 15 16 18 19 20 21 22 23 24 25 27 28 29 30 31 32 33 34 35 36 38 39 40 41 42 43 44 45 46 47 50 51 52 54 55 56 57 58 59 63 66 69 72 73 74 75 77 78 80 81 82 83 84 87 88 89 90 91 92 93 95 96 97 98 99 100 101 102 103 104 107 108 109 110 112 113 114 115 116 119 124 125 126 127 128 129 130 131 132 133 139 140 141 142 143 144 145 146 147 148 149 151 152 153 154 155 156 158 159 160 161 162 164 165 166 167 168 169 172 173 174 175 176 177 178 179 180 181 183 184 185 186 187 188 189 190 191 192 194 195 196 197 201 202 203 204 205 206 207 209 210 211 212 214 217 218 219 221 223 224 226 227 228 229 230 231 232 233 234 236 237 240 241 242 243 244 245 246 247 248 249 250 251 252 253 254 255 256 0
1 4 6 7 8 9 10 11 13 15 16 18 20 22 23 25 26 27 28 29 32 33 34 35 37 39 40 41 42 43 44 45 46 47 48 49 50 51 52 53 54 55 56 57 58 59 60 61 62 63 64 65 66 67 68 69 71 73 74 75 76 77 78 79 80 84 86 87 88 89 90 92 93 96 97 100 101 102 103 104 105 106 109 112 113 114 116 117 118 119 120 121 122 124 125 126 127 0
2 3 4 5 7 8 9 11 12 13 14 15 16 17 18 19 20 21 24 25 26 27 28 29 30 32 0

59
3 5 6 9 10 11 14 15 16 17 18 22 25 28 29 30 33 34 35 36 37 38 41 42 43 45 47 49 52 53 55 57 58 60 61 62 63 64 66 67 68 73 74 76 78 79 80 81 82 83 84 85 88 89 92 93 97 98 100 101 104 105 106 107 108 111 112 114 115 116 117 118 119 120 122 124 126 127 128 131 132 133 134 137 138 139 141 142 143 144 145 146 147 148 149 152 155 156 157 158 159 161 162 163 164 165 166 167 169 170 171 172 173 174 176 177 179 180 181 182 183 184 185 186 187 188 189 190 191 192 195 196 197 200 201 202 203 205 206 208 209 210 213 214 218 221 222 227 228 229 230 231 232 233 234 235 236 237 239 240 241 242 243 244 247 248 249 250 251 252 253 254 256 0
1 3 4 5 6 7 10 11 14 15 16 21 23 24 27 29 31 33 35 36 37 38 41 43 45 46 47 48 50 51 52 53 55 56 57 58 60 63 64 65 66 67 69 71 72 73 74 76 77 78 80 83 87 88 89 92 93 96 97 103 105 107 108 109 110 112 113 114 115 116 118 119 120 121 123 125 126 127 128 0
1 2 3 4 6 7 9 10 13 15 16 17 18 21 22 23 25 26 27 28 29 31 32 0

60
2 3 4 6 7 8 9 10 11 14 15 16 17 18 23 24 25 26 27 29 30 32 33 34 35 36 40 41 43 44 46 49 52 53 54 57 58 59 62 64 65 66 67 68 70 71 72 73 74 75 78 79 80 82 83 86 87 88 89 90 92 93 94 95 96 97 98 99 100 102 103 104 105 108 109 112 116 117 118 120 121 122 123 126 127 129 130 131 134 135 136 137 138 139 142 143 144 145 146 147 152 153 154 155 156 157 158 160 161 162 163 164 168 169 172 173 177 180 181 184 185 186 187 188 189 190 191 192 193 194 195 198 199 200 202 203 204 206 207 209 214 216 217 219 220 221 228 229 230 232 233 234 235 238 239 242 243 244 246 248 249 252 253 254 255 256 0
1 2 5 6 7 8 10 11 14 16 17 19 20 22 23 25 26 28 29 31 32 34 35 36 37 38 39 40 41 42 43 46 48 49 50 51 52 53 58 61 62 65 66 67 68 69 70 71 72 73 76 78 79 80 81 84 89 92 94 95 96 97 98 100 101 102 110 112 113 114 115 117 122 125 127 128 0
1 4 6 13 14 26 27 30 31 0

61
2 3 4 5 6 7 9 10 11 12 13 14 15 16 18 19 20 21 22 23 24 27 28 29 30 31 32 35 36 37 38 39 40 41 42 43 46 47 48 50 51 54 55 56 58 59 61 62 65 66 67 68 69 70 74 75 76 77 78 79 82 85 86 87 88 93 94 96 98 99 100 101 102 103 104 105 106 107 110 112 113 123 126 127 128 129 130 131 132 133 134 135 136 137 138 139 140 141 142 143 144 146 147 148 149 150 151 152 155 156 157 158 159 160 161 162 163 164 165 166 167 168 169 170 171 172 173 174 175 176 177 178 179 180 182 183 184 185 186 187 189 190 191 192 193 194 195 196 197 198 201 202 203 205 210 211 212 214 215 216 219 220 221 222 223 224 227 229 230 231 232 233 234 235 237 238 239 240 241 242 243 245 246 247 248 250 251 253 254 255 256 0
2 3 4 9 10 13 14 15 16 18 19 20 21 23 24 26 28 29 30 31 32 33 34 38 40 41 42 43 44 45 46 47 48 49 51 53 57 58 59 60 61 63 64 65 66 68 69 70 72 73 74 76 77 79 80 81 82 84 85 88 90 92 93 94 96 101 108 109 111 112 113 115 116 117 118 119 120 121 123 124 125 126 127 128 0
1 2 5 6 9 12 13 14 15 16 17 18 19 22 24 27 29 31 0

62
3 5 6 10 11 12 14 15 17 18 19 25 26 27 28 29 30 33 34 35 36 37 38 39 41 42 43 44 45 46 47 48 49 50 51 54 55 56 57 58 63 64 67 68 69 73 76 78 81 82 83 84 90 91 92 93 98 99 100 101 102 105 106 107 108 110 111 112 113 114 115 118 119 120 126 127 128 132 133 134 138 139 141 142 143 145 146 147 154 155 157 158 162 163 164 165 166 167 169 170 171 172 173 174 175 176 177 178 179 182 183 184 185 186 190 191 192 195 197 206 209 210 211 218 219 222 223 226 227 228 229 230 231 234 238 243 244 245 246 248 249 252 253 254 255 0
1 3 4 5 6 7 9 11 12 13 14 15 20 21 23 24 26 27 29 30 31 32 35 38 40 43 44 45 47 48 50 51 54 57 58 60 61 63 64 67 71 72 74 77 79 80 81 82 83 84 87 88 93 94 95 96 97 98 100 103 104 107 109 110 111 113 114 115 116 117 118 120 121 124 125 126 127 0
1 2 4 7 8 14 15 18 23 27 29 32 0

63
3 5 10 11 16 17 19 22 23 25 26 27 28 29 30 31 32 33 34 35 36 37 38 39 40 41 43 47 48 52 53 55 56 58 59 60 61 62 64 66 67 69 74 77 78 82 83 85 86 88 90 92 93 94 96 98 99 100 101 102 104 107 108 110 111 112 117 118 119 122 123 124 125 126 128 132 133 138 141 142 144 145 146 147 148 149 151 153 154 155 156 157 158 159 160 161 162 163 164 165 166 167 168 169 173 174 176 179 181 182 184 186 187 188 189 190 192 195 197 198 203 204 205 206 212 213 216 217 218 219 220 221 223 225 226 227 231 233 234 235 236 237 239 242 243 244 245 246 247 249 250 251 252 253 254 255 256 0
1 2 3 4 5 6 7 8 9 10 11 12 14 15 16 17 20 21 23 25 26 27 28 29 32 34 36 37 38 39 40 41 42 44 45 46 47 49 52 53 55 56 58 60 61 62 66 68 69 70 71 72 73 74 75 77 78 79 80 82 84 85 89 90 92 93 95 96 100 101 104 105 107 108 109 110 112 113 116 117 118 121 123 124 125 126 128 0
2 4 5 6 9 10 11 12 14 15 16 18 21 22 23 24 25 29 30 0

64
2 3 4 6 7 8 10 11 14 15 16 17 18 19 22 23 24 25 26 27 28 30 31 32 33 34 35 36 39 40 43 44 45 48 51 52 53 54 56 57 58 59 60 61 62 63 64 66 67 68 70 71 72 73 74 78 79 80 82 83 86 87 88 89 90 91 92 95 96 97 98 100 101 103 104 108 109 112 116 117 121 122 123 124 125 126 130 131 134 135 136 138 139 142 143 146 147 150 151 154 155 158 159 160 161 162 163 167 168 171 172 173 174 179 180 181 184 185 186 187 188 189 190 191 192 194 195 196 199 200 202 206 207 208 210 211 214 215 218 219 222 223 224 226 227 229 230 231 232 236 238 249 250 251 254 0
1 2 3 5 6 8 10 11 14 15 17 18 20 21 23 24 25 26 28 31 33 35 36 39 40 41 42 43 44 46 48 49 51 52 53 55 56 57 61 62 64 65 67 69 71 73 75 76 78 80 82 84 86 87 89 91 92 93 94 95 96 98 100 103 105 107 110 112 113 115 117 119 121 122 125 127 128 0
2 3 7 8 11 13 16 17 23 25 26 27 0

65
2 3 4 5 6 9 12 13 14 20 21 22 25 26 28 29 32 33 34 35 36 40 41 42 43 49 50 51 53 54 56 57 58 59 62 63 66 67 68 69 70 76 77 78 83 84 86 90 91 94 95 96 97 102 103 104 105 106 109 112 113 114 115 116 117 121 122 123 126 127 129 130 131 132 133 134 135 137 139 140 141 142 145 148 149 150 151 153 154 155 156 157 159 160 161 162 163 164 165 166 167 168 169 170 171 172 173 174 175 177 178 179 180 181 184 185 186 187 188 189 190 191 194 195 196 197 198 201 202 203 204 205 206 209 212 213 214 218 221 222 223 224 225 227 230 233 236 238 239 241 242 243 244 245 247 252 253 254 255 256 0
2 3 4 5 7 10 13 15 16 18 22 26 27 28 29 31 33 34 35 36 38 39 40 42 43 45 47 48 49 50 51 54 55 57 60 61 63 64 65 67 68 70 71 73 76 78 79 80 81 84 89 90 92 93 94 95 96 97 100 101 102 110 112 113 114 117 118 120 121 125 126 127 128 0
2 3 5 6 11 12 15 17 22 23 24 32 0

66
4 5 6 7 8 9 10 11 12 13 14 15 16 17 19 20 21 23 24 25 28 29 30 33 37 38 40 41 42 43 44 46 47 48 51 52 53 54 55 56 58 59 63 64 66 70 71 72 73 76 77 79 80 81 82 83 84 85 86 87 88 89 92 93 94 95 96 97 101 103 104 106 107 108 109 110 111 112 116 119 120 122 123 124 125 126 127 128 130 131 132 133 134 135 136 137 138 139 140 141 142 144 145 147 148 149 150 151 152 153 155 156 157 158 160 161 163 164 165 166 171 172 173 174 175 179 180 181 182 184 185 186 187 188 189 190 191 192 195 197 198 199 200 201 203 204 205 206 209 211 214 216 219 220 221 222 223 224 226 227 228 229 230 234 235 236 237 238 239 240 241 242 243 244 245 246 248 249 250 251 252 253 254 255 256 0
3 5 6 7 10 11 12 13 14 15 16 18 19 20 23 25 26 27 28 29 33 34 35 36 38 39 40 41 43 45 46 47 49 51 53 55 57 58 64 65 66 68 69 71 72 73 74 77 79 80 81 82 83 84 86 87 88 89 92 93 96 97 98 99 100 103 107 108 109 113 114 115 116 117 118 120 123 124 125 126 128 0
4 5 6 9 13 14 20 21 23 26 28 32 0

67
2 3 4 5 6 7 8 9 10 11 14 15 16 17 18 19 22 23 24 26 27 28 29 32 33 34 35 37 38 40 41 42 43 45 46 51 54 55 56 58 59 60 61 62 63 64 65 66 67 68 70 71 72 73 74 75 78 79 80 81 82 83 86 87 88 90 91 94 95 96 97 98 99 101 104 105 106 108 109 110 115 116 117 120 122 126 127 128 129 130 131 132 133 134 135 136 137 138 139 142 143 144 145 146 147 150 151 152 154 155 157 158 159 160 162 163 164 165 168 169 172 173 179 180 181 182 183 184 186 187 188 189 190 191 192 193 194 195 196 197 198 201 202 203 206 212 214 215 216 218 221 222 224 225 226 227 228 229 230 232 234 235 236 237 238 240 243 244 245 246 247 249 250 251 252 253 254 255 256 0
1 3 4 6 7 9 10 15 16 17 18 19 20 21 24 25 26 28 29 30 31 32 33 34 35 36 37 38 39 40 41 42 45 46 48 50 51 52 53 55 57 60 61 64 65 66 67 68 69 71 72 73 74 75 76 78 81 84 86 87 88 89 91 92 93 94 97 99 104 105 109 110 112 113 114 115 117 118 122 125 126 127 128 0
1 2 3 4 6 7 10 11 12 13 14 15 18 19 20 21 22 23 24 27 29 30 31 32 0

68
3 4 7 8 9 10 14 15 16 17 18 19 20 21 22 23 24 26 28 31 32 35 36 37 39 40 41 42 43 44 45 46 48 50 51 53 56 57 58 59 62 63 64 66 67 68 69 70 71 72 73 78 79 80 81 84 86 87 88 89 90 92 96 99 100 101 104 105 106 107 108 109 114 119 120 122 123 127 128 131 132 136 137 138 142 143 144 145 146 148 149 150 151 152 154 155 156 157 159 160 163 164 165 168 169 170 172 173 176 178 179 180 181 183 184 185 186 187 190 191 192 194 195 196 199 200 206 207 208 209 210 211 213 215 216 218 219 221 222 226 227 228 230 231 234 235 236 237 238 239 240 243 244 245 246 247 248 249 251 252 253 254 256 0
1 3 4 5 6 7 9 11 13 15 18 19 21 23 24 27 28 29 31 32 33 35 36 37 38 39 42 45 46 47 48 49 50 52 53 54 56 58 59 60 61 62 64 65 67 68 69 71 72 74 75 77 79 80 82 87 91 93 94 96 97 99 103 105 107 108 110 111 113 114 115 118 121 124 125 127 0
1 4 6 7 10 11 13 15 16 18 19 23 26 30 32 0

69
1 2 3 4 5 7 8 9 10 11 12 13 14 15 17 19 20 21 22 25 26 27 28 29 31 32 33 34 35 36 37 39 40 42 43 44 45 46 47 51 52 53 54 58 59 60 61 62 63 64 65 66 67 68 69 70 71 72 73 74 76 77 78 79 80 81 83 84 85 87 88 89 90 91 93 95 96 97 98 99 100 102 103 104 106 107 109 112 115 117 122 123 124 125 126 130 131 136 137 138 139 140 141 142 143 144 145 146 147 148 149 150 151 152 153 154 155 156 157 158 160 162 164 165 166 167 168 170 171 172 173 179 183 186 187 188 189 190 191 192 193 194 195 196 197 198 199 200 201 202 203 204 205 206 207 208 210 211 213 215 216 217 218 219 220 221 223 226 227 232 234 235 237 238 239 240 242 243 244 245 246 247 249 251 252 253 254 255 0
1 2 5 6 7 8 10 11 13 14 15 19 20 21 22 25 26 28 29 32 33 34 37 38 39 40 41 42 43 46 47 48 49 51 52 53 54 55 56 60 61 62 63 64 65 66 67 68 69 71 73 74 76 79 80 82 87 88 89 90 91 92 93 94 95 96 100 102 104 105 109 113 114 115 116 118 119 121 125 126 128 0
3 4 5 8 10 11 14 31 32 0

70
2 3 4 5 6 7 8 13 14 15 16 17 21 22 23 24 27 29 30 31 32 33 37 38 39 41 42 43 44 45 46 48 49 50 51 54 56 59 60 61 62 65 67 68 69 70 71 72 73 74 75 76 78 79 80 81 82 83 84 85 86 88 89 90 91 92 93 94 95 96 97 98 101 102 103 104 105 106 109 110 111 112 113 114 115 118 119 120 130 131 132 133 134 135 136 137 138 139 140 141 142 143 144 145 146 147 148 150 151 152 153 154 156 157 158 159 160 161 165 167 168 169 170 171 172 173 174 176 177 178 180 184 189 193 194 195 196 198 199 200 201 202 203 204 206 208 209 211 212 213 214 215 216 217 218 219 220 222 223 224 225 226 227 228 229 230 231 232 235 237 238 240 244 245 246 249 250 251 252 253 254 255 256 0
1 3 4 8 9 10 11 12 15 17 18 20 21 22 23 24 27 29 30 31 32 34 37 38 39 40 41 42 43 44 45 47 49 50 51 52 54 55 57 58 59 62 65 66 67 68 69 70 72 73 74 75 77 79 80 81 82 83 84 85 86 88 90 92 93 94 95 96 97 98 99 100 101 102 104 106 107 111 113 116 117 118 120 121 123 124 127 0
3 5 8 9 13 16 17 21 23 0

71
2 3 4 5 6 7 8 10 11 12 14 15 16 18 19 20 21 24 25 26 29 32 33 34 35 36 37 38 39 40 41 42 43 44 45 47 48 49 50 51 54 55 56 58 61 62 63 64 66 68 69 70 71 72 74 76 77 78 79 80 81 82 83 84 85 86 87 88 89 90 91 92 94 95 96 97 98 99 100 101 102 103 104 105 107 108 110 111 112 113 114 116 117 118 119 123 125 126 127 128 130 131 132 133 134 135 136 137 138 139 140 141 142 143 144 145 146 147 148 149 150 151 152 153 154 155 156 157 158 159 160 161 162 164 165 167 168 169 170 172 173 174 176 177 178 180 181 183 184 187 188 189 190 191 192 194 195 196 197 198 199 200 201 202 203 204 205 207 208 209 210 211 213 215 217 221 222 223 224 227 228 229 230 231 232 233 236 237 238 239 240 241 242 243 244 245 246 247 248 249 250 251 252 253 254 255 256 0
1 2 3 4 5 6 7 8 9 11 12 13 16 17 18 19 20 22 23 24 25 26 28 29 31 34 35 36 39 40 41 42 43 44 46 48 49 51 52 53 54 55 56 57 58 59 60 61 62 63 64 65 66 67 69 71 72 73 75 76 77 78 79 80 83 84 85 87 88 89 90 91 92 93 94 95 96 97 100 104 106 107 109 110 113 115 116 117 119 121 122 123 124 125 126 128 0
1 4 9 10 12 13 15 16 18 19 24 25 26 27 29 30 0

72
1 2 3 4 5 6 7 8 9 10 11 12 13 14 15 16 20 21 22 24 28 29 30 33 37 38 39 41 42 43 44 45 46 47 48 49 50 51 52 53 54 55 56 65 66 67 68 69 70 71 72 73 74 75 76 77 78 79 80 82 84 85 88 93 94 97 101 102 103 105 106 107 109 110 111 112 113 114 115 116 118 119 120 129 130 131 132 133 134 135 136 137 138 139 140 141 142 143 144 148 149 152 156 157 161 164 165 166 167 168 169 170 171 172 173 174 175 176 177 178 179 180 181 182 183 184 187 188 189 193 194 195 197 198 199 201 203 204 205 207 208 211 212 213 216 221 228 229 230 231 233 234 237 238 239 240 241 246 248 249 250 252 256 0
1 2 4 7 12 13 14 16 17 18 20 21 22 24 27 29 30 31 32 34 35 36 37 38 40 42 43 45 47 48 49 50 51 52 53 56 57 58 59 61 63 64 67 69 70 72 74 77 79 80 81 82 83 85 86 88 92 93 94 95 96 101 102 104 106 111 113 114 115 116 118 121 123 124 0
5 6 8 9 10 12 13 14 17 20 21 30 0

73
3 4 5 6 7 8 12 13 14 15 16 17 19 20 22 23 24 25 27 28 29 30 33 34 35 36 37 38 39 40 41 42 43 44 45 46 47 48 49 50 51 52 53 54 55 56 57 58 61 63 64 68 69 70 71 72 76 77 80 81 89 92 93 94 97 99 100 101 102 103 104 105 106 107 108 109 110 111 112 113 114 115 117 118 119 120 121 125 127 128 132 133 134 136 138 139 140 141 142 143 144 145 147 148 150 151 152 153 155 156 157 158 161 162 163 164 165 166 167 169 170 171 172 173 175 176 177 178 179 180 182 183 184 185 186 188 189 191 192 195 196 197 198 200 201 202 205 210 211 214 220 221 222 225 226 227 228 229 230 234 237 238 239 240 241 242 244 246 248 250 251 252 253 254 256 0
1 4 5 6 7 12 13 14 16 17 20 21 25 27 29 30 31 32 33 34 38 39 40 42 43 44 45 47 48 50 52 54 57 58 61 63 64 65 66 67 68 71 72 73 77 78 83 84 85 88 90 93 94 95 96 97 100 101 103 104 111 113 114 116 118 121 124 125 127 0
1 4 5 7 8 9 10 14 17 21 26 27 28 30 0

74
2 3 4 5 6 10 11 13 14 15 16 19 20 21 22 23 24 27 28 29 30 31 36 37 40 41 42 43 44 45 46 48 49 50 51 52 54 56 58 61 62 63 65 66 67 68 72 73 76 77 79 80 81 83 85 86 88 89 91 92 93 94 95 96 97 99 101 103 105 106 107 108 110 111 113 114 115 117 118 119 120 123 125 126 127 128 129 130 131 132 133 134 135 136 137 138 139 140 141 142 143 144 145 146 147 148 149 150 151 152 153 154 155 156 157 158 159 160 161 162 163 164 165 166 167 168 169 170 171 172 173 174 175 176 177 178 179 180 181 182 184 186 187 189 190 191 192 193 194 195 196 197 198 199 200 202 203 204 205 206 208 210 211 213 214 216 219 220 221 222 223 224 227 228 229 230 231 232 233 234 236 237 238 239 240 241 244 247 248 249 250 251 252 253 254 255 256 0
1 2 3 4 6 7 8 10 11 12 13 14 15 16 17 18 19 20 21 22 23 24 25 27 29 30 31 32 33 35 36 37 38 39 40 41 43 47 48 50 51 52 54 55 56 58 60 61 64 65 66 67 68 69 71 72 73 74 75 76 77 79 81 82 83 84 85 86 87 88 89 90 93 94 96 97 100 101 102 103 105 107 108 109 111 112 113 114 115 116 117 119 120 121 122 123 124 126 127 128 0
2 3 4 6 10 12 13 14 15 16 17 18 19 21 22 23 24 25 26 27 28 32 0

75
1 3 4 9 10 12 15 17 18 19 20 23 26 27 28 30 31 35 36 37 38 41 42 43 44 48 50 51 52 53 55 56 58 59 62 63 65 67 68 69 73 76 78 79 80 82 83 87 89 90 92 94 97 100 101 102 103 104 105 106 109 110 111 112 114 115 118 119 120 122 123 126 127 129 130 131 132 133 134 136 137 138 140 141 142 143 145 146 148 150 151 155 156 157 158 161 163 164 165 166 167 168 169 170 171 172 173 174 175 176 178 179 180 182 183 184 186 187 190 191 193 195 196 198 201 203 204 205 207 209 210 216 218 219 222 227 228 229 231 232 233 235 237 238 240 241 243 244 245 246 248 249 251 252 253 254 256 0
1 4 6 7 9 11 12 14 15 17 18 19 21 23 24 27 29 32 33 35 36 37 41 42 43 45 47 49 52 54 55 57 58 59 60 61 62 64 66 69 71 72 73 74 75 77 79 80 81 82 86 87 88 91 92 93 94 95 96 97 98 100 101 102 103 104 105 106 107 110 111 114 115 118 119 121 123 125 127 0
1 2 4 6 8 10 15 16 17 18 20 21 23 24 28 29 30 31 32 0

76
1 2 3 4 5 6 9 10 11 12 13 15 16 19 21 24 25 27 28 29 30 33 34 35 36 37 38 39 41 42 43 44 46 47 49 50 51 53 54 56 61 62 64 66 67 68 70 71 72 73 75 76 77 79 80 81 82 83 85 87 88 89 90 91 92 93 94 95 97 98 99 100 101 102 105 106 107 111 112 113 116 118 119 120 121 123 124 125 127 128 129 130 131 132 133 134 135 136 137 138 139 140 141 143 144 145 146 147 148 149 150 151 152 153 154 155 156 157 158 160 161 162 163 164 165 166 167 168 169 170 171 172 173 174 175 176 177 178 179 180 181 182 183 184 186 187 188 189 190 191 192 193 194 195 196 197 198 199 200 201 202 203 204 207 208 210 211 212 213 214 216 218 219 221 223 224 225 227 229 230 231 232 234 235 236 238 239 240 241 242 243 244 245 246 248 249 250 251 252 253 254 255 256 0
1 4 5 6 9 11 12 13 14 15 16 18 19 20 21 22 24 25 27 28 29 30 31 33 34 36 37 38 40 41 43 44 45 46 48 49 50 51 52 53 56 57 58 59 61 63 64 65 66 67 69 72 73 76 77 79 80 82 83 84 85 86 87 88 90 92 93 94 95 96 97 98 99 100 101 102 104 108 110 112 113 116 117 118 120 121 123 124 127 128 0
2 3 4 5 6 7 9 10 13 14 18 20 21 27 28 31 32 0

77
1 2 3 4 5 6 7 8 10 12 13 15 16 19 20 24 26 27 28 29 30 31 32 34 35 36 37 39 40 42 43 46 51 52 53 55 62 63 64 66 67 68 69 70 71 72 74 75 76 77 78 79 80 82 83 84 85 86 87 88 90 91 92 93 94 96 98 99 100 101 102 104 106 107 108 110 111 112 116 117 118 119 120 124 126 127 128 129 130 131 132 133 134 135 136 138 139 140 141 143 144 146 148 149 150 151 152 156 157 158 159 160 163 164 165 166 167 168 172 173 174 175 180 181 182 183 184 188 189 190 191 192 193 194 195 196 197 198 199 200 201 202 203 204 205 206 207 211 215 216 217 218 219 220 221 222 224 225 226 227 228 229 231 234 235 236 237 238 242 243 244 245 246 247 249 250 251 252 253 254 255 256 0
2 4 6 8 9 10 11 14 16 17 19 21 22 23 25 26 27 29 30 31 32 34 35 36 37 38 40 41 42 43 44 46 47 48 49 51 52 53 56 58 59 60 61 62 63 65 66 67 68 69 70 72 73 74 75 76 77 78 79 80 82 83 84 85 88 89 90 93 95 96 101 102 105 108 109 110 112 113 114 115 116 117 118 120 121 122 125 126 127 128 0
1 2 4 5 6 9 10 11 12 14 15 16 20 21 22 23 24 27 29 0

78
4 5 8 9 10 11 12 13 16 17 18 19 27 29 30 37 38 39 42 43 44 47 48 50 51 52 55 56 57 61 62 65 66 67 68 69 70 71 72 75 76 78 79 80 81 82 87 88 89 90 91 92 93 95 97 98 99 100 101 103 105 106 107 108 109 111 112 113 114 115 116 117 118 120 121 122 123 124 125 127 128 129 130 131 132 133 134 135 136 137 138 139 140 141 142 143 144 145 146 147 151 152 153 154 155 156 157 158 160 161 162 163 165 166 167 168 169 170 171 172 175 176 177 178 179 180 182 183 184 185 186 187 188 189 190 191 192 193 194 195 196 197 198 199 200 201 202 204 205 206 208 209 210 211 214 215 218 223 226 228 229 234 235 236 237 239 240 242 243 244 246 247 248 249 250 252 253 254 255 256 0
1 2 3 4 5 6 9 12 13 14 15 16 17 18 19 25 26 27 28 30 31 33 34 35 37 38 40 42 45 46 47 48 49 50 53 56 58 61 62 65 66 68 70 71 72 73 77 78 79 82 83 84 85 86 87 88 91 92 93 94 95 96 97 98 99 100 101 103 104 105 108 110 111 112 113 114 116 120 123 124 125 127 128 0
1 2 3 6 9 15 17 18 21 22 25 27 29 30 0

79
1 2 4 5 6 8 9 11 14 15 18 20 21 22 23 24 26 27 28 29 30 34 35 36 37 39 41 43 44 45 46 47 49 50 52 53 54 55 56 61 62 63 64 66 67 68 69 71 72 74 75 76 77 78 79 80 81 85 87 88 89 92 93 94 95 96 99 101 102 103 104 105 106 107 108 109 110 111 112 113 114 115 117 118 120 122 125 126 128 129 130 131 134 136 137 138 139 140 143 144 146 148 149 150 151 152 154 155 156 157 158 159 160 161 162 163 165 166 167 168 169 171 172 173 174 175 176 177 178 179 181 182 183 184 185 186 187 188 189 190 191 192 193 194 197 198 199 200 202 203 204 205 206 207 208 209 212 213 214 215 221 222 223 224 225 226 228 229 230 231 233 234 235 236 237 238 240 241 244 245 246 248 249 250 251 252 253 254 255 256 0
1 2 3 4 7 9 12 14 15 16 17 22 23 24 27 28 29 30 31 34 36 37 38 39 40 42 43 44 45 46 47 48 49 50 51 52 53 54 55 56 57 60 62 63 66 69 70 72 74 75 77 79 80 81 84 85 86 87 88 90 92 93 95 96 99 100 101 102 104 106 108 111 112 114 115 116 117 119 120 121 123 124 125 127 128 0
2 3 5 6 7 8 9 10 11 12 13 14 15 17 19 20 21 24 28 29 30 31 32 0

80
1 2 3 7 8 9 10 11 12 15 16 18 19 21 22 23 25 28 29 30 32 33 37 38 40 41 42 43 44 46 47 50 51 54 55 60 62 63 65 66 67 68 70 71 72 73 74 75 76 78 79 80 81 82 83 84 85 86 87 88 89 90 91 92 93 95 96 98 100 101 103 104 105 106 107 108 109 112 113 116 122 123 124 125 126 131 134 135 136 137 138 139 141 143 144 146 147 148 149 150 151 152 153 154 156 157 158 159 160 161 162 164 165 166 167 168 170 171 172 173 174 178 180 182 185 186 187 188 189 190 191 192 194 195 196 198 199 200 201 202 204 206 207 208 210 211 212 215 218 219 220 221 222 223 226 227 228 230 231 232 233 234 235 236 237 238 239 240 242 243 244 245 246 247 249 250 251 252 253 254 255 256 0
1 2 5 6 7 8 10 11 13 14 15 16 17 19 20 21 22 23 24 25 26 28 29 31 32 33 35 38 39 41 42 43 45 46 49 51 52 53 54 55 56 57 59 61 62 63 65 66 68 69 71 72 77 78 79 80 82 84 86 87 88 89 92 93 94 95 97 100 103 104 107 108 109 110 112 113 115 117 119 122 125 126 127 128 0
1 3 5 6 7 9 11 14 16 17 21 22 23 24 25 27 31 32 0

81
1 2 3 4 5 6 7 8 9 10 11 12 13 14 15 16 17 18 19 20 21 23 24 26 27 28 29 30 31 32 33 34 37 38 39 40 41 42 43 44 45 46 47 49 50 51 52 53 54 55 56 58 59 60 61 62 63 64 65 66 67 68 69 70 71 72 73 74 75 76 78 79 80 81 82 83 84 86 87 88 90 91 92 93 94 95 96 97 98 99 100 103 104 105 107 108 109 110 111 112 113 114 116 117 120 124 126 127 128 129 130 131 132 134 137 138 139 141 142 143 144 146 147 148 149 150 151 152 154 155 156 157 158 159 160 161 162 164 165 166 168 169 170 171 172 173 174 175 180 181 182 184 186 187 189 191 193 194 195 196 201 202 203 207 209 210 211 214 215 216 218 219 220 221 222 223 224 226 227 228 229 230 231 232 233 234 235 236 237 238 239 240 242 243 244 245 246 247 249 250 251 252 253 255 256 0
1 4 5 6 7 9 15 16 18 19 20 21 23 24 25 26 28 29 30 31 32 33 34 35 36 38 39 41 42 43 46 47 48 49 53 55 57 61 62 66 67 69 70 71 72 75 77 79 82 84 86 88 90 92 93 94 96 99 103 107 108 109 110 112 113 114 115 116 117 118 119 120 123 125 126 127 0
1 2 4 5 6 7 9 10 12 13 14 15 16 17 18 20 22 24 27 29 31 32 0

82
2 3 6 7 8 9 11 12 13 14 15 17 20 21 22 23 24 25 27 28 29 30 31 32 33 35 36 37 38 39 40 43 44 45 46 47 48 53 54 55 56 57 62 63 64 65 66 67 68 69 70 72 73 74 75 76 77 80 81 84 86 87 88 92 93 94 95 98 99 100 101 102 105 106 110 111 113 114 117 119 120 122 123 124 125 126 128 129 130 131 132 133 134 135 136 137 138 139 140 141 142 143 144 145 146 147 148 149 150 151 152 153 154 155 156 157 158 159 160 161 162 163 164 165 166 167 168 169 170 171 172 173 174 175 176 177 178 179 180 181 182 183 184 185 186 187 188 189 190 191 192 193 194 195 196 197 198 199 200 202 203 204 205 206 207 208 209 212 213 214 215 217 219 220 222 224 225 226 227 228 229 231 234 235 236 237 238 239 243 246 247 248 249 250 251 252 253 254 255 256 0
1 2 3 4 5 9 10 11 12 13 14 15 16 19 20 21 22 23 24 25 26 28 29 30 32 34 36 39 40 41 44 45 46 47 48 50 52 54 55 57 58 59 61 63 64 65 66 68 69 70 71 72 73 74 75 76 77 81 82 83 84 85 87 88 89 90 92 93 94 95 96 97 99 100 103 105 106 108 109 112 113 114 115 116 117 118 119 121 122 123 124 125 126 127 128 0
1 3 4 5 7 8 9 10 11 14 16 17 22 23 25 26 27 30 31 32 0

83
1 2 3 4 5 6 8 9 10 11 12 13 14 15 16 20 21 22 28 29 30 33 34 36 37 38 39 40 41 42 43 44 46 47 48 49 50 51 52 55 56 60 65 66 67 68 69 70 71 72 73 74 75 76 77 78 79 80 84 85 86 92 93 94 97 98 99 100 101 102 103 105 106 107 110 111 112 113 114 115 118 119 120 124 128 129 130 131 132 133 134 136 137 138 139 140 141 142 143 144 148 149 155 156 157 158 161 162 164 165 166 167 168 169 170 171 172 175 176 177 178 179 180 182 183 184 188 189 191 193 194 195 196 197 198 199 201 204 205 206 208 212 213 220 221 222 225 226 228 229 230 233 234 235 237 238 239 240 241 243 244 248 249 250 251 252 255 256 0
2 3 4 6 7 8 10 11 12 13 14 16 20 21 22 23 24 27 29 30 32 34 35 36 37 38 39 40 43 44 45 47 48 49 50 51 52 57 58 59 61 63 64 67 69 72 74 75 77 79 80 81 82 83 84 85 88 90 92 93 94 95 96 100 101 103 104 106 111 113 114 115 117 118 121 124 127 0
1 3 4 5 6 8 10 12 14 17 21 32 0

84
1 2 4 5 6 7 16 19 22 24 25 26 27 28 29 30 31 33 34 35 36 37 39 40 42 43 44 45 52 53 54 56 61 62 63 64 65 68 69 70 71 72 73 74 75 76 80 81 82 83 86 88 90 91 92 94 95 96 97 98 99 100 103 104 105 106 107 108 109 111 112 113 114 115 116 117 118 120 122 123 124 125 126 127 128 129 130 131 132 133 134 135 136 137 138 139 140 141 142 143 144 145 146 147 149 150 151 152 153 154 155 156 157 158 159 160 161 162 163 164 165 167 168 169 170 171 172 173 176 177 178 179 180 181 183 184 185 186 187 188 189 190 191 192 193 194 195 196 197 198 199 200 203 204 205 206 210 211 214 215 216 218 219 221 222 224 225 226 227 228 229 231 234 235 239 240 241 243 244 245 246 248 249 250 251 252 253 254 255 256 0
2 5 6 7 8 10 13 15 16 17 18 19 20 21 22 25 26 30 31 33 34 35 36 37 39 41 42 45 46 47 48 49 50 51 52 53 55 57 58 59 61 63 64 65 66 67 68 69 71 73 74 75 77 78 79 80 81 82 83 84 85 87 88 89 90 93 94 96 97 98 100 101 103 105 106 107 108 110 111 112 113 114 117 118 119 121 122 123 125 126 127 0
2 3 6 9 10 11 17 19 20 25 27 28 30 32 0

85
4 5 6 11 12 13 14 17 18 21 22 25 26 27 29 30 33 34 35 36 37 38 39 41 42 43 44 45 46 47 48 49 50 51 54 55 56 57 58 59 60 63 64 69 76 77 78 81 82 83 84 85 86 91 93 94 98 99 100 101 102 103 104 105 106 108 110 111 112 113 114 115 118 119 120 121 124 125 127 128 132 133 134 139 140 148 149 150 151 153 155 157 158 161 162 163 164 165 166 167 169 170 171 172 173 174 175 176 177 178 179 182 183 184 185 186 187 188 189 190 191 192 196 197 198 200 205 208 209 213 214 215 218 220 221 222 223 226 227 228 229 230 231 236 237 238 241 243 244 245 246 248 249 250 251 255 256 0
1 2 3 7 11 12 13 15 16 17 18 19 20 21 23 26 27 29 30 31 32 33 35 38 40 43 44 47 48 50 55 56 58 60 61 63 64 65 66 69 71 72 74 75 77 79 80 81 84 88 93 94 95 96 97 98 100 104 107 109 111 113 114 115 117 118 120 121 124 125 127 0
1 2 4 15 18 21 23 27 28 29 0

86
1 2 3 6 7 9 10 11 14 15 16 17 18 19 22 23 24 25 26 27 28 29 30 31 32 33 34 35 36 37 38 39 40 44 45 46 52 53 54 59 60 61 62 65 66 67 68 69 72 74 75 80 81 82 83 84 88 90 92 95 96 98 101 109 110 111 113 116 117 118 124 126 127 128 129 130 131 132 133 134 135 137 138 139 141 142 143 144 145 146 147 149 150 151 152 153 154 155 156 157 158 159 160 161 162 163 164 165 166 167 169 172 173 174 176 180 181 182 184 186 187 188 189 190 191 192 193 194 195 197 198 199 200 201 202 203 204 205 206 207 208 209 210 214 219 220 221 222 223 225 226 227 228 229 230 231 232 233 235 236 244 245 246 247 249 250 251 252 253 254 255 0
1 3 4 5 6 7 10 11 12 14 15 17 18 20 21 23 24 25 27 29 31 36 37 40 41 42 43 44 45 47 49 50 51 52 53 55 56 57 58 61 62 64 65 67 68 71 72 73 75 76 77 78 82 83 84 87 88 89 91 92 93 94 95 96 97 98 99 100 101 103 105 107 108 109 111 113 115 116 119 120 122 123 124 125 0
2 3 6 9 15 17 18 19 21 25 26 28 29 30 0

87
3 7 8 9 11 13 15 16 17 18 19 20 22 23 27 28 31 34 36 37 38 39 41 42 43 44 45 47 48 49 50 52 53 54 55 56 57 58 59 62 63 64 66 67 68 71 72 73 78 79 80 81 89 90 91 92 93 100 101 102 105 106 108 109 112 113 114 115 119 120 122 123 127 128 129 131 132 135 136 137 139 140 141 143 144 145 146 147 148 150 151 154 155 156 157 159 162 163 164 165 166 167 169 171 172 173 175 176 178 180 181 182 183 184 185 186 187 190 191 192 195 196 199 202 203 206 207 208 210 211 213 214 215 216 217 223 225 226 228 229 230 231 232 235 236 237 238 239 240 241 243 244 245 246 247 249 252 253 254 256 0
3 4 6 7 9 11 12 13 15 18 19 21 22 23 24 27 29 31 32 33 35 37 38 39 42 45 47 49 52 53 54 56 57 58 59 60 61 62 63 64 65 67 68 69 71 72 74 75 77 78 79 80 81 82 84 85 87 91 94 95 96 97 98 99 103 104 106 107 108 110 111 114 115 118 121 123 124 125 127 0
1 2 4 6 8 10 11 13 15 16 17 18 19 20 21 23 24 26 28 29 30 32 0

88
1 2 4 5 6 8 10 11 14 15 18 19 20 23 24 25 26 27 28 30 33 34 36 37 43 44 45 47 51 54 58 59 61 64 65 68 69 70 71 72 73 74 75 76 78 79 80 81 82 83 84 85 86 88 89 90 91 92 94 96 98 100 101 103 104 108 109 112 113 115 116 117 122 123 126 127 129 130 131 132 133 134 135 136 137 138 139 140 141 142 143 144 145 146 147 148 149 150 151 152 153 154 155 156 157 158 159 160 161 162 163 164 165 166 167 168 169 170 171 172 173 176 177 178 180 181 184 185 186 187 188 190 191 192 193 194 195 196 197 198 199 200 202 203 204 206 207 208 209 210 211 212 213 214 215 216 217 218 219 222 223 224 226 227 228 229 230 233 235 236 237 239 240 241 243 244 245 246 248 249 250 251 252 253 254 255 256 0
1 2 5 7 10 11 14 15 16 18 20 21 22 24 26 28 29 31 32 35 36 37 38 39 40 41 42 45 46 47 48 49 51 52 53 54 55 57 58 59 60 61 62 63 64 65 66 67 69 70 72 73 76 78 79 80 81 82 83 84 86 88 89 90 92 94 95 96 97 98 99 100 101 102 105 109 110 112 113 115 117 118 120 121 123 125 127 128 0
1 3 4 6 8 11 13 14 15 22 24 25 26 27 28 30 31 0

89
1 4 5 6 9 10 11 12 13 14 19 20 24 27 28 29 30 35 36 37 38 39 41 42 43 44 46 47 48 49 50 54 56 60 61 63 65 68 69 70 72 73 74 75 76 77 78 83 85 91 92 93 94 100 101 102 103 105 106 107 110 111 112 113 114 115 118 119 120 124 125 129 131 132 133 134 137 138 139 140 141 142 143 155 156 157 158 163 164 165 166 167 169 170 171 172 174 175 176 177 179 182 184 189 193 196 197 198 201 206 209 212 216 219 220 221 222 223 227 228 229 230 233 234 235 236 237 238 239 240 241 244 245 246 248 249 250 251 252 253 254 255 256 0
1 2 4 6 7 8 12 15 17 20 21 27 29 30 31 32 34 38 39 42 43 44 45 47 49 50 51 52 53 56 57 58 61 62 64 65 67 68 69 72 74 77 79 80 81 84 85 86 88 90 93 94 95 96 97 100 101 106 111 113 114 117 118 121 124 127 0
5 6 7 8 19 30 32 0

90
2 3 4 5 9 10 15 16 17 18 19 22 24 26 27 28 30 31 32 33 34 35 36 37 38 40 41 45 46 50 52 54 60 61 63 66 67 68 69 70 71 72 73 74 75 76 77 78 79 80 81 82 84 86 87 88 89 90 92 95 96 97 98 99 104 105 108 112 116 117 120 121 122 124 125 127 128 131 132 133 134 135 137 138 139 142 143 144 145 146 147 151 152 154 155 156 157 158 159 160 162 163 164 165 168 169 172 177 178 180 186 187 188 189 190 191 192 195 196 197 198 199 202 205 208 211 214 215 216 217 218 220 222 223 225 229 230 232 233 236 237 238 240 241 242 243 246 247 248 249 250 251 254 255 256 0
1 2 3 4 6 7 10 11 13 15 16 19 21 23 24 25 26 28 29 30 32 33 34 35 36 39 42 45 46 48 51 52 53 54 56 57 58 60 61 63 64 65 67 68 70 71 72 73 74 75 76 77 78 80 81 82 84 86 89 90 93 95 98 100 107 109 110 112 113 114 115 116 117 119 121 122 123 125 126 128 0
3 5 6 7 11 12 17 22 23 25 27 31 0

91
1 2 3 4 5 6 7 8 9 10 11 12 13 14 15 16 21 22 23 24 26 29 30 31 32 33 34 36 37 38 39 40 41 42 43 44 45 46 47 48 49 50 51 52 53 54 55 56 57 58 60 61 65 66 67 68 69 70 72 73 74 77 78 79 80 87 88 93 94 95 96 97 98 100 101 102 103 104 106 107 108 110 111 112 113 114 115 116 117 118 119 121 122 123 124 125 129 130 131 132 133 134 135 137 138 139 140 141 142 143 144 149 151 152 154 157 158 159 160 161 162 164 165 166 167 168 170 171 172 173 174 175 176 178 179 180 181 182 183 184 185 186 187 188 189 190 193 194 195 197 198 199 200 201 202 204 205 207 208 213 216 221 222 224 225 226 228 229 230 231 232 233 234 236 239 241 242 243 245 247 248 249 250 251 252 253 254 255 256 0
2 3 4 6 7 8 9 10 13 14 15 16 19 20 21 22 25 28 29 30 32 34 35 36 37 38 39 40 41 43 44 47 48 49 50 51 52 54 57 58 59 60 61 62 66 67 68 69 70 72 73 74 75 77 80 81 82 83 85 88 89 92 93 95 96 99 101 102 106 111 112 113 115 116 117 118 119 120 121 122 125 0
1 2 3 5 9 12 13 14 15 17 18 19 23 25 26 29 30 31 0

92
1 4 5 6 7 8 9 10 11 12 13 14 15 16 17 18 19 20 21 22 23 24 26 27 29 30 31 33 34 38 39 41 43 44 45 46 47 49 50 51 52 53 54 56 57 58 59 60 61 62 63 64 65 68 69 70 71 72 74 75 76 77 79 80 82 83 84 87 88 90 91 95 96 98 101 102 103 104 105 107 108 109 110 112 113 114 116 117 119 120 121 122 123 127 128 129 132 133 134 135 136 137 138 139 140 141 142 143 144 146 147 148 149 150 152 154 155 156 157 158 159 160 162 163 164 165 166 167 168 169 171 172 173 174 175 176 177 178 180 182 184 185 186 187 188 189 190 191 192 193 196 198 199 200 201 204 205 209 210 213 214 215 216 218 219 220 221 223 224 226 227 230 231 233 234 235 236 237 238 239 240 241 243 244 245 246 247 248 252 253 255 256 0
1 2 3 4 6 7 8 10 12 14 15 16 17 18 21 22 23 24 28 29 31 34 35 36 37 42 43 44 45 46 47 48 49 50 51 52 53 54 55 56 58 60 61 62 63 64 67 68 69 70 72 74 75 76 77 78 79 80 81 82 83 86 87 88 91 92 93 94 95 98 99 101 104 106 107 111 112 113 115 116 117 118 119 121 122 123 125 126 127 128 0
1 2 3 5 6 9 12 13 14 15 18 19 20 22 27 28 29 30 31 32 0

93
1 2 3 4 5 6 7 8 9 11 12 13 14 15 16 18 19 20 21 22 23 26 27 28 29 30 31 32 34 35 36 37 38 39 40 42 43 44 45 46 47 48 51 52 53 54 55 56 57 58 59 60 61 62 63 64 65 66 67 68 69 70 71 73 74 75 76 77 78 80 81 82 83 84 85 86 87 88 89 92 93 95 96 97 99 103 104 105 107 108 109 110 111 112 113 114 116 117 118 119 120 121 122 123 124 125 128 129 130 131 132 133 134 135 136 137 138 139 140 141 143 144 145 146 147 148 149 151 152 153 154 156 157 158 159 160 161 162 163 164 165 166 167 168 169 171 172 173 174 175 176 177 178 179 180 181 182 183 184 185 186 187 188 189 190 191 192 193 194 195 196 197 198 199 200 201 202 203 204 205 206 207 208 210 211 212 213 214 215 216 218 220 221 223 224 226 229 230 231 232 234 235 236 237 238 240 242 244 245 246 247 248 249 250 251 252 253 254 255 256 0
1 2 4 5 8 9 10 12 13 14 15 16 18 19 21 22 23 24 25 26 28 29 30 31 32 34 35 37 38 40 41 42 44 45 46 47 48 50 51 52 55 56 58 59 61 62 64 65 66 67 68 69 70 72 73 74 75 76 77 78 79 80 81 82 83 84 85 86 88 89 90 92 93 94 95 96 98 99 100 101 102 104 105 106 108 111 112 113 114 115 116 117 118 120 121 124 125 126 127 128 0
2 3 4 5 6 7 9 11 12 13 14 15 16 17 18 20 21 22 23 26 27 29 30 32 0

94
1 2 3 4 5 6 7 8 9 10 11 12 13 16 18 19 20 21 22 23 26 30 31 32 33 34 38 39 40 41 42 44 45 46 47 49 50 52 53 54 55 57 58 60 61 63 64 65 66 67 68 69 70 71 72 73 74 75 78 79 80 81 82 83 84 85 86 89 91 92 93 98 99 100 101 105 106 107 111 112 113 114 115 116 117 118 120 121 122 123 124 125 126 128 129 130 131 132 133 134 135 136 137 138 139 140 141 142 143 144 145 146 147 148 149 150 152 153 155 156 157 161 162 163 165 167 168 169 170 172 173 174 175 176 177 178 180 181 182 183 184 185 186 187 188 189 191 192 193 194 195 198 199 200 202 203 204 205 206 207 208 209 210 211 212 213 214 215 216 223 224 226 230 231 232 233 234 235 236 237 238 240 242 243 244 245 247 248 249 250 251 252 253 254 255 256 0
1 2 3 4 5 6 7 8 9 11 12 13 14 15 17 18 19 20 24 25 26 27 30 31 32 33 34 36 37 38 39 41 42 43 44 45 46 47 48 49 50 51 52 53 56 57 58 60 61 62 65 66 67 68 69 71 72 73 77 78 79 80 81 82 83 84 87 88 91 93 95 96 97 98 99 100 103 104 105 106 111 112 113 114 115 117 118 120 124 125 127 0
1 2 3 6 7 9 10 11 14 15 18 19 21 22 26 28 29 30 0

95
4 5 6 9 10 11 13 15 16 17 18 24 27 28 30 33 35 36 38 41 42 44 45 47 48 49 50 52 53 54 55 56 57 60 61 62 63 64 66 67 68 69 72 73 74 76 77 79 80 81 82 84 85 86 87 88 90 91 92 93 99 100 101 102 105 106 107 108 110 111 112 113 114 115 116 117 118 119 120 124 125 127 128 131 132 133 134 137 138 139 141 143 144 145 146 147 149 150 152 155 158 161 163 164 166 169 170 172 173 175 176 177 178 179 180 181 182 183 184 185 186 187 188 189 190 191 192 194 195 196 197 198 204 205 207 208 214 215 217 219 225 227 230 231 232 234 235 236 237 238 242 243 244 245 246 249 251 254 255 0
1 4 7 12 20 21 22 24 26 27 29 30 32 33 34 35 37 38 39 41 43 46 47 48 50 53 55 57 59 60 61 62 64 65 66 67 69 70 71 73 74 76 77 80 81 83 84 87 88 89 91 92 93 95 96 100 102 103 104 107 111 113 116 118 119 121 123 126 0
4 8 9 12 18 19 21 22 26 27 31 0

96
1 2 3 5 6 8 9 10 11 14 15 16 17 18 19 20 23 24 26 27 29 30 31 34 35 36 37 38 40 41 42 43 44 49 50 52 53 56 58 63 64 65 66 67 68 70 71 72 73 74 75 76 78 79 80 81 82 83 85 87 88 89 90 91 92 93 94 95 96 98 99 100 101 102 103 104 105 106 107 108 109 110 112 113 114 115 116 117 118 120 123 124 126 127 128 130 131 133 134 135 136 137 138 139 140 142 143 144 145 146 147 148 149 150 151 152 154 155 156 157 158 159 160 162 163 164 165 166 167 168 169 170 171 172 173 174 175 176 177 178 180 181 182 184 187 188 190 191 192 194 195 196 197 198 199 200 201 202 203 204 205 206 207 209 210 211 212 213 214 215 216 218 219 220 221 222 225 227 229 234 235 237 238 239 240 242 243 244 245 246 247 249 250 251 252 253 254 255 256 0
1 2 3 7 8 9 10 12 13 14 15 16 18 19 20 21 23 27 28 29 30 31 34 35 36 37 39 41 42 43 44 46 47 48 49 51 53 54 55 57 59 61 62 63 67 68 69 70 71 73 74 75 76 77 79 82 83 85 86 87 88 90 91 93 94 96 98 99 102 103 104 106 107 110 113 114 116 118 120 121 122 124 126 127 128 0
1 3 4 5 7 8 12 15 16 17 18 21 25 29 30 32 0

97
1 2 3 4 5 6 7 8 9 16 19 20 21 22 24 25 26 27 28 29 30 31 32 33 34 35 36 37 38 40 41 42 43 44 45 46 48 49 50 52 53 54 55 56 57 58 59 60 62 63 64 65 66 67 68 69 70 71 72 73 74 75 76 78 79 80 81 82 83 84 85 86 87 88 89 90 91 92 94 96 97 98 100 101 102 104 105 106 107 108 109 110 113 114 116 117 118 119 120 122 123 125 126 127 128 129 130 131 132 133 134 135 136 137 138 139 140 142 143 144 145 146 147 148 149 150 151 152 153 154 155 156 157 158 161 162 163 164 165 166 167 168 169 170 171 172 173 174 177 178 179 180 181 182 185 186 187 188 190 191 192 193 194 195 196 197 198 199 200 202 203 204 205 206 207 208 210 211 214 215 216 217 218 219 220 221 222 223 224 225 226 227 231 232 233 234 236 237 238 239 240 247 248 249 251 252 253 254 255 256 0
1 2 5 6 9 11 13 14 16 17 18 21 22 26 28 29 31 33 34 35 36 37 42 44 45 46 47 49 50 52 53 54 56 57 59 60 61 62 65 67 68 69 70 72 73 75 78 79 81 82 83 84 85 87 88 89 92 93 94 95 97 98 99 100 101 104 105 108 110 113 114 117 118 120 121 122 125 127 128 0
2 3 4 6 11 13 15 16 17 19 20 22 23 26 27 28 29 31 32 0

98
1 4 5 6 9 11 12 13 14 15 18 20 21 22 25 26 28 29 30 32 33 34 35 36 37 38 39 41 42 43 44 46 47 48 49 50 51 53 54 55 56 68 69 72 73 76 77 78 79 81 84 85 86 89 92 93 94 96 97 98 100 101 102 103 104 105 106 107 110 111 112 113 114 115 118 119 120 124 125 129 131 132 133 134 135 136 139 140 141 142 143 144 148 149 150 154 156 157 158 160 163 164 165 166 167 168 169 170 171 172 174 175 176 177 178 179 180 181 182 183 184 189 193 194 195 196 197 198 200 201 202 203 208 209 210 211 212 213 214 215 217 218 219 220 221 222 223 225 226 228 229 230 231 232 233 234 235 237 239 241 242 243 244 249 250 251 252 253 254 255 256 0
2 3 4 7 8 9 11 12 13 14 15 18 19 20 21 22 23 27 29 30 31 32 34 38 40 41 42 43 47 48 49 51 53 57 58 60 61 63 64 65 66 68 69 70 71 72 74 75 77 79 80 81 88 90 93 94 95 96 97 100 104 106 111 114 117 121 123 0
1 3 4 5 6 8 10 11 14 15 26 29 30 0

99
2 3 4 5 6 7 8 9 10 14 15 17 18 20 21 22 23 24 28 29 37 38 41 42 43 44 45 46 47 48 49 50 51 52 55 56 58 59 62 63 65 66 68 69 70 72 73 74 75 76 77 78 79 80 81 82 84 85 86 88 91 92 93 94 95 96 100 101 102 104 105 106 107 108 109 110 111 112 113 114 115 116 119 120 122 123 129 130 131 132 133 134 135 136 137 138 141 142 143 144 145 146 148 149 150 151 152 156 157 158 160 164 165 166 168 169 170 171 172 173 174 175 176 177 178 179 180 181 183 184 186 187 188 189 190 191 192 193 194 195 196 197 198 199 200 201 202 203 204 205 206 208 212 213 214 215 218 219 220 221 222 223 224 225 226 229 230 231 232 233 235 236 237 240 241 242 244 245 246 248 249 250 251 252 253 0
2 4 6 7 9 10 12 13 18 19 20 21 22 23 24 27 29 30 31 32 33 34 35 36 37 38 39 40 42 45 48 49 50 52 53 55 56 59 60 61 63 64 66 68 69 70 72 74 75 77 79 80 81 82 83 84 85 86 92 93 94 95 96 97 100 103 106 107 108 111 112 113 114 115 118 119 121 122 123 124 125 127 0
2 3 5 6 7 10 11 12 13 15 16 18 19 21 25 26 28 29 30 31 32 0

100
2 3 5 6 7 8 9 11 12 13 15 17 20 21 23 29 31 36 37 38 39 41 42 43 44 45 47 49 51 52 53 55 56 57 60 62 63 65 66 67 68 69 70 72 74 75 78 79 80 82 84 85 87 88 89 90 91 92 93 94 95 96 97 99 101 102 103 104 106 107 109 110 111 112 114 115 116 117 118 119 120 122 123 125 128 129 130 131 132 133 134 135 136 137 138 139 140 141 142 143 144 145 146 147 148 149 150 151 152 153 154 155 156 157 158 159 160 161 162 163 164 165 166 167 168 169 170 171 172 173 174 175 176 177 178 179 180 181 182 183 184 185 186 187 189 190 191 192 193 194 195 196 197 198 199 200 201 202 203 204 205 206 207 208 210 212 213 215 216 217 220 221 223 224 226 228 233 234 237 239 240 243 247 248 249 250 251 252 254 255 256 0
1 2 4 7 9 12 13 14 15 16 18 20 23 24 25 26 27 28 29 30 31 32 34 35 37 39 40 41 42 43 44 45 46 47 48 50 52 53 58 59 60 61 63 65 66 68 69 70 71 72 73 75 76 77 78 79 80 81 82 83 84 87 88 89 90 91 93 94 95 97 98 99 100 101 103 104 105 108 109 111 113 115 116 118 119 120 121 122 126 128 0
3 5 9 10 13 14 16 19 21 22 23 24 25 27 28 0

