1
1 2 3 4 5 6 7 8 9 10 11 12 13 14 15 16 17 18 19 21 23 24 25 26 27 28 29 31 32 33 34 35 36 37 39 40 41 42 43 44 45 46 47 49 51 52 53 54 56 57 58 59 61 64 65 66 67 68 69 70 72 73 75 76 77 78 79 80 82 84 86 87 88 89 90 91 92 93 94 96 97 98 99 100 101 102 103 104 105 106 107 110 111 112 113 115 116 117 118 120 121 122 124 125 127 128 129 130 131 132 134 135 136 137 138 139 141 143 144 145 146 147 148 149 150 152 153 155 156 158 159 160 161 163 164 165 166 168 170 171 172 173 174 175 176 177 178 179 180 181 182 184 185 186 187 188 189 190 191 192 193 194 195 196 197 198 199 200 201 202 203 204 205 206 208 209 210 211 212 213 214 215 216 217 218 220 224 227 228 229 230 231 232 233 234 235 236 237 238 239 240 241 242 243 244 246 247 248 250 251 252 253 254 256 0
2 4 5 6 7 10 11 14 15 16 18 19 21 23 24 25 26 27 28 30 31 32 0

2
1 2 3 6 7 8 9 10 11 12 13 14 15 16 17 18 19 20 21 22 23 24 25 26 27 28 29 30 31 32 33 34 35 37 38 39 40 41 42 43 44 45 46 47 48 49 50 51 52 53 54 55 56 57 58 59 61 62 63 64 65 66 67 68 69 70 71 72 73 75 76 77 78 79 80 81 82 83 85 86 87 88 89 90 91 92 93 94 95 96 97 98 99 100 101 102 103 104 105 106 107 108 109 110 111 112 115 116 117 118 119 120 123 125 126 127 128 130 131 133 136 138 139 140 141 142 143 144 146 147 149 152 153 154 155 156 157 158 159 160 161 162 163 164 165 166 167 168 169 170 171 172 173 174 176 177 178 179 180 181 182 183 184 188 189 190 191 192 193 194 195 196 197 198 199 200 201 202 203 204 205 206 207 208 210 211 212 213 214 215 218 219 220 221 222 224 226 227 228 229 230 231 232 234 235 236 237 238 239 240 241 242 243 244 245 246 247 249 250 251 252 253 254 255 0
2 3 4 5 6 7 8 10 11 12 13 14 15 16 17 18 21 22 23 24 25 27 28 29 30 32 0

3
1 2 3 4 5 6 7 8 9 10 11 12 13 14 17 18 19 20 22 23 25 26 27 28 29 32 33 34 35 36 37 38 39 40 41 42 43 45 47 48 49 50 51 53 55 56 57 58 59 60 63 64 65 66 67 68 69 70 71 72 73 74 75 77 78 79 80 81 83 84 87 89 90 92 93 96 97 98 101 102 104 105 109 110 111 112 113 116 118 120 121 122 125 126 127 128 130 131 132 134 135 136 139 140 141 142 144 146 147 148 149 150 152 153 154 155 156 157 158 159 160 161 162 163 164 165 166 167 168 169 170 171 172 173 174 176 177 178 179 180 181 182 183 184 185 187 189 190 191 192 193 194 195 196 197 198 199 200 202 205 206 207 208 209 210 211 212 213 214 216 217 218 219 220 221 222 223 224 226 227 228 229 230 231 232 233 234 235 236 237 238 239 241 242 243 244 245 246 247 248 249 250 251 252 254 255 256 0
2 3 4 5 6 8 10 11 12 13 15 18 21 25 26 28 30 32 0

4
1 2 3 4 5 6 7 8 9 10 11 12 13 15 16 17 18 19 20 21 23 24 25 26 27 28 29 30 31 32 33 34 35 36 37 38 39 40 41 43 45 46 47 48 49 50 52 55 56 57 58 59 60 61 62 63 64 65 66 67 68 69 70 71 72 73 74 75 76 77 78 79 80 81 82 83 84 85 86 87 88 89 90 91 92 93 94 95 96 97 98 100 101 102 103 104 105 106 110 111 112 113 114 117 118 119 120 121 122 123 124 125 126 127 128 129 130 131 132 133 135 137 138 139 140 141 142 143 144 145 146 147 148 149 150 151 152 153 155 156 157 159 160 162 163 164 165 166 167 168 169 170 171 172 173 174 175 176 177 178 179 180 182 184 185 186 187 188 189 190 191 192 193 194 195 196 197 198 199 200 201 202 203 204 206 207 208 209 210 211 213 216 218 219 220 221 222 223 224 225 226 227 228 229 230 231 232 233 234 235 236 237 238 239 240 241 242 243 244 245 246 247 248 249 251 252 253 254 255 256 0
1 2 3 4 5 6 7 8 10 11 12 13 15 16 17 18 20 21 22 23 24 25 26 29 30 31 0

5
1 2 3 4 5 6 7 8 9 10 11 12 13 14 15 16 17 18 20 21 22 23 24 25 26 27 28 29 30 31 32 33 34 35 36 37 38 39 40 41 42 43 44 45 46 47 48 49 50 51 52 53 54 55 56 57 58 59 60 61 62 63 64 65 66 67 68 69 70 71 72 73 74 76 77 78 80 81 82 83 84 85 86 87 88 89 90 91 94 95 96 97 98 99 100 102 103 104 105 106 108 109 110 111 112 113 114 115 116 117 118 120 121 122 123 127 128 129 132 133 134 135 136 137 139 141 142 143 144 145 146 147 148 150 155 156 157 158 160 162 164 166 168 170 171 172 173 175 176 177 178 179 181 183 184 186 192 193 194 195 196 197 198 199 200 201 202 205 208 211 212 213 214 218 220 221 223 224 225 226 227 228 231 232 233 234 235 236 237 238 239 241 243 244 245 246 247 248 249 250 251 252 253 254 255 0
4 6 8 9 10 13 18 21 22 24 25 27 29 31 0

6
1 2 3 4 5 6 7 8 9 10 11 12 13 14 15 16 17 18 19 20 23 24 25 27 28 29 30 32 33 34 35 38 39 40 41 42 46 48 49 50 51 52 55 56 57 58 59 60 61 62 63 64 65 66 68 69 70 71 72 73 74 75 76 77 79 80 81 82 83 84 85 88 89 92 93 96 97 98 102 104 107 109 110 111 112 113 114 115 116 117 118 119 120 121 122 123 125 126 128 129 137 138 139 140 141 142 143 144 145 146 147 148 149 150 152 153 154 155 156 157 160 161 162 163 164 165 166 168 169 170 171 172 173 174 176 177 180 183 184 185 186 187 189 190 192 193 194 195 196 197 198 199 200 201 202 204 206 207 208 209 210 212 213 214 216 217 218 219 220 221 222 224 226 227 228 229 230 232 234 235 236 237 239 240 242 243 244 245 246 247 248 252 253 256 0
1 2 3 4 5 6 8 13 18 21 24 25 26 31 0

7
1 2 3 4 5 6 7 8 9 10 11 12 13 15 16 17 18 19 20 21 22 23 24 25 26 28 29 30 31 32 33 34 35 36 37 38 39 40 41 42 43 44 45 46 47 48 49 50 51 52 53 54 55 56 57 58 59 60 61 62 63 64 65 66 67 68 69 70 71 72 73 74 75 76 78 79 80 81 84 85 86 88 89 91 92 93 94 95 97 98 99 100 101 102 103 104 105 106 107 108 109 110 111 112 113 114 115 116 117 118 119 120 121 122 123 124 125 126 127 128 129 130 131 132 133 134 135 136 137 139 140 141 142 143 144 147 148 150 152 153 155 156 157 158 159 160 161 163 164 165 168 169 170 172 173 174 175 176 177 179 180 181 183 184 185 186 187 188 189 190 191 192 193 194 195 196 197 198 199 200 201 202 203 204 205 206 207 209 210 211 212 213 216 217 219 220 221 222 223 224 225 226 227 228 229 230 231 232 233 234 235 236 237 238 239 240 241 242 243 244 245 246 247 248 250 251 252 253 254 255 0
1 2 3 4 6 7 8 9 11 12 13 14 15 17 18 19 21 23 24 25 26 29 30 31 0

8
1 2 3 4 5 6 7 8 9 10 11 12 14 15 16 17 18 19 20 21 22 23 24 25 26 27 28 29 30 31 32 33 34 35 36 37 39 40 41 43 45 46 47 48 49 51 54 55 56 57 58 59 60 61 62 63 64 65 66 67 68 69 70 71 72 73 74 75 77 78 80 81 82 84 85 86 87 88 89 90 91 92 93 94 95 96 97 99 100 101 102 103 105 108 110 111 112 113 114 115 116 117 118 119 120 121 122 123 124 125 127 128 130 131 132 133 134 135 136 137 138 140 141 142 143 144 145 146 147 149 150 151 154 157 158 159 160 161 162 163 165 166 167 168 169 170 171 173 174 175 176 177 178 179 180 181 182 184 186 187 188 189 190 191 193 194 195 196 197 198 199 200 201 204 205 206 207 208 209 211 212 213 214 215 216 218 219 220 221 222 223 224 225 226 227 228 229 230 232 233 234 236 237 238 240 241 242 243 244 245 246 247 248 250 251 252 253 254 255 256 0
2 4 5 6 9 11 14 16 18 21 28 31 32 0

9
1 2 3 4 5 6 7 8 9 10 11 12 13 15 16 17 18 19 20 21 22 23 24 25 26 27 29 30 31 32 33 34 35 36 37 38 39 41 42 43 44 45 46 47 48 49 50 51 53 54 55 56 57 58 59 60 61 62 63 64 65 66 67 68 69 70 71 72 73 74 75 76 78 79 80 81 82 83 84 85 87 88 89 90 91 92 93 94 95 96 97 98 99 100 101 102 103 104 105 106 108 109 111 112 113 114 115 116 117 118 119 120 121 122 123 124 125 126 127 129 130 131 132 133 134 135 136 138 139 140 141 142 143 144 146 147 148 149 150 151 152 153 154 155 156 158 160 162 163 164 165 167 168 169 170 172 173 174 175 176 177 178 179 180 181 182 183 184 185 186 187 188 189 190 191 192 193 194 195 196 197 198 199 200 201 202 203 204 207 208 209 210 212 213 214 215 217 218 219 220 221 222 223 224 225 226 227 228 229 231 232 235 236 237 238 240 241 243 244 245 246 247 248 249 251 252 253 254 255 256 0
2 3 4 5 6 7 9 13 14 15 17 18 20 21 22 25 26 28 29 30 31 0

10
1 2 3 4 5 6 7 8 9 10 11 13 14 15 16 17 18 19 20 21 23 24 25 26 29 30 32 33 34 35 36 37 38 39 40 41 43 44 45 46 47 48 49 50 52 53 54 56 57 58 59 60 61 62 63 64 65 66 67 68 69 70 71 73 77 78 79 81 82 84 85 87 88 89 90 91 92 93 94 95 96 97 101 103 104 107 108 109 111 112 113 114 115 116 117 119 120 121 122 123 124 125 127 128 130 131 132 133 135 136 137 138 139 140 141 143 144 146 147 148 149 150 151 152 153 154 155 156 157 158 159 160 161 162 163 164 165 166 168 169 170 171 172 173 176 178 179 181 182 183 184 186 187 188 189 190 191 192 193 194 195 196 197 198 199 200 201 202 203 205 207 208 209 210 211 212 213 215 216 217 218 219 220 221 222 224 226 227 228 229 230 232 233 234 236 237 238 240 243 244 245 246 248 250 251 252 254 255 0
2 3 4 5 6 8 11 12 14 15 16 17 18 21 22 23 24 25 26 27 28 29 30 32 0

11
1 2 3 4 5 6 7 8 9 10 11 14 15 16 17 18 19 20 21 22 23 24 25 26 27 29 30 32 33 34 35 36 37 38 39 40 41 43 45 46 47 48 49 50 53 54 55 56 57 59 60 61 62 63 64 66 67 68 69 70 71 72 73 74 75 76 77 78 79 80 82 83 84 85 86 87 88 91 92 93 94 95 96 97 98 99 100 101 102 103 104 105 107 108 109 111 113 115 116 118 119 120 121 122 123 124 125 126 127 128 130 131 132 133 135 136 137 138 139 140 141 142 143 144 145 146 147 148 149 150 151 152 153 154 155 156 157 159 160 161 162 163 164 165 166 167 168 170 171 172 173 175 176 177 180 181 182 183 184 185 186 187 188 189 190 191 192 193 194 195 196 197 198 199 200 201 202 203 206 207 208 211 212 213 214 215 218 221 224 225 226 227 228 229 230 232 234 235 236 237 238 239 240 241 242 243 244 245 246 247 248 249 250 251 252 253 254 255 0
4 6 7 8 10 11 13 16 17 18 19 20 21 22 23 26 28 29 31 32 0

12
1 2 3 4 5 6 7 8 9 10 11 12 14 15 16 17 18 19 20 21 22 23 24 25 26 27 28 29 30 31 32 33 34 35 36 37 39 40 41 42 43 44 45 46 47 48 49 50 51 52 53 54 55 56 57 58 59 60 61 62 63 64 66 68 70 71 72 73 74 75 76 77 78 80 81 82 83 84 86 87 88 89 90 91 92 93 94 95 96 97 98 99 101 102 103 104 105 106 107 108 109 110 111 112 113 115 120 121 122 123 127 128 130 131 132 133 134 135 137 138 142 143 144 145 146 147 149 151 152 153 155 156 157 160 162 163 164 165 166 167 168 169 170 172 173 175 176 177 178 179 180 181 183 184 185 186 187 188 189 190 191 192 193 194 195 196 197 198 199 200 201 202 203 204 205 206 207 208 209 210 211 212 213 214 215 216 217 219 220 221 222 223 224 227 228 229 232 233 234 235 236 237 240 242 245 246 248 249 252 253 256 0
1 2 3 4 5 6 7 8 9 10 11 12 15 16 18 19 21 24 26 28 31 32 0

13
1 2 3 4 5 6 7 8 9 10 11 12 13 14 15 16 17 18 19 20 21 22 23 24 25 26 27 28 29 30 31 32 33 34 35 36 37 38 39 40 41 42 43 44 45 46 47 48 49 50 51 52 53 54 55 56 57 58 59 60 61 62 63 64 65 66 67 69 70 71 72 74 75 76 77 78 79 80 81 82 83 84 85 87 88 89 90 91 92 93 94 95 96 97 98 99 100 101 102 103 104 105 106 108 109 110 111 112 113 114 115 116 117 118 120 121 122 123 124 125 126 127 128 130 131 132 134 135 136 137 138 139 140 141 142 143 144 145 146 147 149 150 151 152 154 155 156 157 159 160 161 162 163 164 165 166 167 168 169 171 172 173 175 176 177 178 180 183 184 185 186 187 190 191 192 193 194 195 196 197 198 199 200 201 202 203 204 205 206 207 208 209 210 211 212 213 214 216 217 218 220 221 222 224 225 226 228 229 232 233 234 235 236 239 240 241 242 244 245 247 248 249 250 252 255 256 0
2 3 4 6 7 9 11 12 13 15 16 18 20 21 23 27 0

14
1 2 3 4 5 6 7 8 9 10 11 14 15 16 17 18 19 20 21 22 23 24 25 26 27 28 29 30 31 32 33 34 35 36 37 38 39 41 42 43 44 45 46 47 49 53 54 55 56 57 58 59 61 62 63 64 65 66 67 68 69 70 71 72 73 75 78 80 81 82 83 84 87 88 89 90 92 93 94 96 97 98 99 100 102 103 104 105 106 108 109 110 111 112 113 115 116 117 118 119 120 121 124 127 128 129 131 132 134 136 137 138 139 140 143 144 145 146 147 148 150 151 152 154 155 156 157 158 159 160 161 162 163 164 165 166 167 168 169 170 171 172 173 174 175 176 177 178 179 180 182 184 185 186 187 188 189 190 191 192 193 194 195 196 197 198 199 200 201 202 203 204 205 206 207 208 209 210 211 212 213 214 215 216 217 218 219 221 222 225 226 227 229 232 233 234 235 237 238 239 240 241 242 243 244 245 246 247 248 249 250 251 252 253 254 255 256 0
1 2 3 4 5 6 8 10 11 12 13 14 18 20 21 23 24 25 26 28 29 30 31 32 0

15
1 2 3 4 5 6 7 9 10 11 12 13 14 15 16 17 18 19 20 21 22 23 24 25 26 27 28 30 31 32 33 34 35 36 37 39 41 42 43 44 46 47 48 49 50 51 52 53 54 55 56 57 58 59 60 61 62 63 64 65 66 67 68 69 70 71 72 73 74 75 76 77 79 80 81 82 83 84 85 86 88 89 90 91 93 94 95 96 97 98 100 101 102 103 104 105 106 107 108 109 110 111 112 113 114 116 117 118 119 120 121 122 123 124 125 126 127 128 129 130 131 132 133 134 135 136 137 138 139 140 141 142 143 144 146 149 150 152 154 155 156 157 158 159 160 161 163 164 165 166 168 169 170 171 173 175 176 177 178 179 180 181 182 183 184 185 186 187 188 189 190 191 192 193 194 195 196 197 198 199 200 201 202 203 206 207 208 209 210 211 212 213 214 215 218 219 220 221 222 223 224 226 227 228 229 231 232 233 234 235 237 238 239 240 241 242 243 244 245 246 247 248 250 251 252 253 254 255 256 0
1 2 4 5 6 7 8 9 10 11 14 16 18 19 20 21 23 24 26 29 30 31 0

16
1 2 3 4 5 6 7 8 9 10 11 12 13 14 15 16 17 18 19 20 21 22 24 25 26 27 28 29 30 31 32 33 34 35 36 37 38 39 40 41 42 43 44 45 46 47 48 49 50 51 52 53 54 55 56 57 58 59 60 61 62 63 64 65 66 67 68 69 70 71 72 73 75 76 77 79 80 81 82 83 84 85 86 88 89 90 91 92 93 94 95 96 97 98 99 100 101 102 104 105 109 110 112 113 115 116 117 118 120 121 122 124 125 126 127 128 129 130 131 133 134 135 136 137 138 139 140 142 143 144 146 148 149 151 152 153 154 155 156 157 158 160 161 163 164 166 168 170 171 174 175 176 177 178 179 180 181 182 183 184 185 187 188 189 192 193 194 195 196 197 198 199 200 201 202 203 204 205 207 209 210 211 212 213 214 215 217 218 219 220 221 223 224 225 226 227 228 229 230 231 232 233 234 235 236 237 238 240 241 242 243 245 246 247 248 249 250 252 253 254 255 256 0
2 3 4 5 6 7 8 11 14 15 16 18 19 21 23 24 26 27 29 31 32 0

17
1 2 3 4 5 6 7 8 9 11 12 14 15 16 17 18 19 20 21 22 23 24 25 26 27 28 29 30 31 32 33 34 35 36 37 38 39 40 41 42 43 44 45 46 47 48 49 50 51 52 53 54 56 57 58 59 60 61 62 63 64 65 66 67 68 69 70 71 72 73 74 75 76 77 78 79 80 81 82 83 84 85 86 87 88 89 90 91 92 93 94 95 96 97 98 99 100 101 102 103 104 105 106 107 108 109 110 111 112 113 114 115 116 117 118 119 120 121 122 123 124 125 126 127 128 129 130 131 134 135 136 137 138 140 141 142 143 144 146 147 148 149 151 152 154 155 160 162 164 165 168 172 174 175 176 177 179 180 181 182 184 185 186 187 188 189 190 191 192 193 194 195 196 197 198 199 200 202 203 204 205 206 207 208 209 210 211 212 213 216 219 220 221 224 225 227 228 229 230 231 232 233 234 235 236 237 238 239 241 242 244 245 247 248 250 251 252 253 254 0
1 2 4 6 7 8 9 10 11 13 16 17 18 19 20 21 25 29 30 31 0

18
1 2 3 4 5 6 7 8 9 10 11 12 13 14 15 16 17 18 19 20 21 22 23 24 25 26 27 28 29 30 31 32 33 34 35 36 37 38 39 40 41 42 43 44 46 48 49 50 51 52 53 54 55 56 57 58 59 60 61 62 63 64 65 66 67 68 69 70 72 73 74 75 76 77 79 80 81 82 83 84 85 86 88 89 90 91 92 93 96 97 98 99 100 101 102 104 105 106 107 108 109 110 111 112 113 115 116 117 118 119 120 121 122 123 124 125 126 127 129 130 131 132 134 135 136 137 138 139 140 142 144 145 146 147 148 149 150 151 152 153 154 155 156 157 158 160 162 163 164 165 166 168 169 171 175 176 178 181 182 183 184 186 188 190 191 193 194 195 196 197 198 199 200 202 203 204 205 206 207 208 210 211 212 213 214 215 216 217 218 219 220 221 222 223 224 225 226 229 230 232 233 234 235 236 239 240 242 244 245 246 248 249 252 253 254 255 256 0
1 2 4 6 7 8 11 15 16 17 18 21 25 26 29 30 0

19
1 2 3 4 5 6 7 8 9 10 11 12 13 14 15 16 17 18 20 21 22 23 24 25 26 27 28 31 32 33 34 35 36 37 38 39 40 41 42 43 45 46 47 48 49 50 51 52 53 54 55 56 57 58 59 60 61 62 63 64 65 66 67 68 69 70 71 72 73 75 76 77 78 79 80 81 83 84 85 86 88 89 90 91 92 93 94 95 96 97 98 99 100 102 103 104 105 106 107 108 109 110 111 112 113 114 116 118 121 122 123 124 128 129 130 131 132 133 134 135 136 138 139 140 141 142 143 144 145 146 147 148 149 150 151 152 153 158 159 160 162 163 165 167 168 170 171 172 173 175 176 177 178 180 183 184 185 186 187 188 189 190 191 192 193 194 195 196 197 198 199 200 202 203 204 205 208 209 210 211 213 214 215 216 218 219 220 221 222 225 227 228 229 230 231 232 234 235 236 237 238 240 241 242 243 244 245 246 247 248 249 251 252 253 254 256 0
1 2 4 5 6 7 8 10 12 13 14 16 18 20 21 22 23 24 25 26 27 30 31 0

20
1 2 3 4 5 6 7 8 9 10 11 12 13 14 15 16 17 18 19 21 22 24 25 26 27 28 29 32 33 36 37 38 39 40 41 42 43 44 45 46 47 48 49 50 51 52 56 57 58 59 60 61 62 63 64 65 66 67 70 72 73 74 78 80 81 82 83 84 86 88 89 90 92 93 94 95 96 97 98 99 100 102 103 104 105 106 107 108 109 110 111 112 113 114 115 116 117 119 120 121 122 124 125 128 129 131 132 133 134 135 136 137 138 140 141 142 143 144 145 146 147 149 150 151 152 153 154 155 156 157 158 159 160 161 162 163 164 166 168 169 170 171 172 173 174 176 177 178 179 180 181 183 184 185 187 188 189 190 191 193 194 195 196 197 198 199 200 201 202 204 205 206 207 208 209 210 211 213 214 215 216 217 218 220 221 222 223 224 225 226 227 229 230 231 232 233 234 235 236 238 239 240 241 242 243 246 247 249 250 251 252 253 254 256 0
1 2 3 4 5 6 8 9 10 12 18 20 21 22 24 25 26 29 31 0

21
1 2 3 4 5 6 7 8 9 10 11 12 13 14 15 16 17 18 19 20 21 22 23 24 25 26 27 28 29 30 31 32 33 34 35 36 37 38 39 40 41 42 43 44 45 46 47 48 49 50 51 52 53 54 55 56 57 58 59 60 61 62 63 64 65 66 67 68 69 70 71 72 73 74 75 76 77 78 79 80 81 83 84 85 86 87 88 89 90 91 93 94 95 96 98 100 101 102 103 104 105 106 107 108 110 111 112 113 114 115 117 118 119 120 121 122 123 125 126 127 128 129 130 131 134 135 136 138 139 141 142 143 144 145 146 148 151 152 153 154 156 158 159 160 161 162 164 165 166 167 168 169 170 171 172 173 175 176 178 184 186 187 188 189 190 191 192 193 194 195 196 197 198 199 200 201 202 203 205 206 207 208 209 210 211 212 213 214 215 216 217 218 219 220 222 223 224 228 229 230 232 233 234 235 236 237 240 242 243 244 247 248 250 253 254 256 0
4 6 7 17 18 20 21 22 25 29 31 0

22
1 2 3 4 5 6 7 8 9 10 11 12 13 17 18 19 20 22 24 25 26 27 28 29 30 31 32 33 34 35 36 37 38 39 40 41 42 43 44 45 46 47 48 49 50 51 52 53 54 55 57 58 59 60 62 63 64 66 67 68 69 70 71 72 73 74 75 78 79 80 81 83 87 88 89 91 92 93 94 95 96 97 98 99 100 102 103 104 105 106 107 108 110 112 113 115 116 119 120 121 124 126 127 128 129 130 131 132 133 134 135 136 137 138 139 140 141 142 144 145 146 147 148 149 150 151 152 153 154 155 157 158 159 160 161 162 163 164 165 166 167 168 169 170 171 172 173 174 175 176 177 178 179 180 181 182 183 184 187 188 189 190 191 192 193 194 195 196 197 198 199 200 202 204 206 208 211 212 213 214 215 216 217 218 219 220 221 222 223 224 225 226 227 228 229 230 231 232 234 235 236 237 238 239 240 241 242 243 244 245 246 247 249 250 251 252 254 255 256 0
1 2 3 4 5 6 7 8 9 11 15 16 17 18 21 22 23 24 25 26 28 29 30 32 0

23
1 2 3 4 5 6 7 8 9 10 11 12 13 14 15 16 17 18 19 20 21 22 23 24 25 26 27 28 29 31 32 33 34 35 36 37 38 39 40 41 42 43 44 45 46 47 48 49 50 51 52 53 54 55 56 57 58 59 60 61 62 63 64 65 66 67 70 72 73 74 75 76 78 79 80 82 83 85 86 88 89 90 91 92 93 94 95 96 97 98 99 100 101 102 104 105 108 109 110 113 117 118 120 121 122 127 128 129 130 131 132 133 134 135 136 137 138 139 142 143 144 145 146 147 149 150 151 153 154 155 156 157 158 160 161 162 166 168 172 173 174 175 176 177 178 180 181 182 183 184 186 188 192 193 194 195 196 197 198 199 200 201 202 203 204 205 206 207 208 209 210 213 214 215 216 217 219 220 221 224 225 226 227 228 229 232 233 235 236 237 238 239 240 241 242 243 244 247 248 249 250 251 253 254 255 256 0
2 4 5 6 9 10 11 14 15 18 20 21 23 24 25 26 27 29 31 32 0

24
1 2 3 4 5 6 7 8 9 10 11 12 13 14 15 16 17 18 19 20 22 23 24 25 26 27 28 29 30 31 32 33 34 35 36 37 38 39 40 41 42 43 44 45 46 47 48 49 50 51 52 53 55 56 57 58 59 60 61 62 63 64 65 66 67 68 69 70 71 72 73 75 76 77 78 80 82 83 84 86 87 88 89 90 91 93 95 96 97 98 99 100 102 103 104 105 106 108 109 110 112 113 115 116 117 118 119 120 121 122 124 125 127 128 129 130 131 132 133 134 135 136 137 138 139 140 141 142 143 144 145 146 148 149 150 151 152 157 158 159 160 161 162 163 165 166 167 168 170 171 172 173 174 175 176 177 178 179 180 182 183 184 185 186 187 188 190 191 192 193 194 195 196 197 198 199 200 201 202 203 204 205 206 207 208 209 210 211 212 213 214 215 216 218 219 220 221 222 223 224 225 227 228 229 230 231 232 233 234 235 236 237 238 239 240 241 242 243 244 245 246 247 248 249 250 251 252 253 254 255 256 0
1 2 3 4 6 7 9 10 11 12 13 16 17 18 19 21 24 25 27 28 31 32 0

25
1 2 3 4 5 6 7 8 9 10 11 12 13 14 15 16 17 18 19 20 22 23 24 25 26 27 28 29 32 33 34 35 36 37 38 39 40 41 42 43 44 45 46 47 48 49 50 51 52 53 54 55 56 57 58 59 60 61 62 63 64 65 66 67 68 69 70 71 72 73 74 75 76 77 78 79 80 81 82 83 85 86 87 88 89 90 91 92 93 94 95 96 97 98 99 100 101 102 103 104 105 106 108 109 110 111 112 113 114 115 116 117 118 119 121 122 123 124 125 126 127 128 129 131 132 134 136 138 139 140 141 142 143 144 145 146 147 149 150 151 152 153 154 155 158 159 160 161 162 164 165 166 167 168 169 170 171 173 174 175 176 177 179 180 181 182 183 184 185 186 187 188 189 190 192 193 194 195 196 197 198 199 200 202 203 204 205 206 207 208 209 210 211 212 214 215 216 217 218 219 221 222 224 225 226 229 230 231 232 233 234 235 236 237 238 239 240 241 242 243 244 245 246 247 250 251 252 253 254 255 256 0
1 2 4 5 6 7 9 11 12 14 15 17 18 20 21 22 23 24 25 26 28 29 30 32 0

26
1 2 3 4 5 8 9 11 14 15 16 18 20 21 22 23 24 25 26 28 29 30 31 32 33 34 35 36 37 38 39 40 41 42 43 44 45 46 47 48 49 50 51 52 54 55 56 57 58 59 60 61 62 63 64 65 66 67 68 69 70 71 72 73 74 76 77 78 80 81 82 83 84 85 86 87 88 89 90 91 92 93 94 96 97 98 99 100 101 102 104 106 107 108 109 110 111 112 114 115 116 117 119 120 121 122 123 124 125 126 128 129 130 131 132 134 136 138 139 140 141 143 144 145 146 147 148 149 150 151 152 154 155 156 157 158 159 160 161 162 163 164 165 166 167 168 169 171 172 173 174 175 176 178 179 181 182 183 184 185 186 188 189 190 191 192 193 194 195 196 197 198 199 200 201 202 205 206 207 208 209 210 211 212 213 214 215 216 217 218 221 222 223 224 225 226 227 228 229 230 231 233 234 235 236 237 238 239 241 242 243 244 246 247 248 250 251 253 255 256 0
1 2 4 6 7 8 10 11 12 13 15 17 18 20 21 22 23 24 25 26 27 29 30 31 0

27
1 3 4 5 6 7 8 9 10 11 12 13 14 15 16 17 18 19 20 21 22 23 24 25 27 28 29 30 31 32 33 34 37 38 39 40 41 43 46 47 48 49 53 54 55 56 57 58 59 60 61 62 64 66 67 68 69 70 71 72 73 74 75 76 77 79 80 81 82 83 85 87 88 89 90 92 94 96 97 99 100 102 103 104 105 106 108 109 110 111 112 113 114 115 116 117 118 119 120 121 122 123 124 125 128 129 130 131 134 135 136 138 140 141 142 143 144 147 148 149 151 152 153 154 155 156 157 158 159 160 162 163 164 165 167 168 169 170 172 173 174 175 176 177 178 179 181 182 183 184 185 186 187 188 189 190 191 192 193 194 195 196 197 198 199 200 201 202 203 204 205 206 207 209 210 211 212 213 214 215 216 217 218 219 220 221 222 223 224 226 227 228 229 230 231 233 234 235 236 237 238 239 240 241 242 243 244 245 246 247 248 249 250 251 252 253 255 256 0
2 3 4 6 8 10 11 12 14 15 16 18 19 21 23 25 26 27 28 29 30 32 0

28
1 2 3 4 5 6 7 8 9 10 11 12 13 14 15 16 17 18 19 20 21 22 23 24 25 26 27 28 29 30 31 32 33 34 35 36 37 38 39 40 41 42 43 44 45 46 47 48 49 50 51 52 53 54 55 56 57 58 59 60 61 62 63 64 65 66 67 68 69 70 72 73 74 75 76 77 78 80 82 83 84 85 86 87 88 89 90 92 94 95 96 98 99 100 101 102 104 105 106 107 108 109 110 111 112 113 115 116 118 119 120 121 122 123 124 126 127 128 129 130 131 132 133 134 135 136 137 138 139 141 142 143 144 145 146 148 150 152 153 154 156 157 158 159 160 161 162 164 165 166 167 168 169 170 172 175 176 177 178 180 182 183 184 187 188 189 190 191 192 193 194 195 196 197 198 199 200 201 202 203 206 207 208 209 210 212 213 214 215 216 217 218 219 222 223 224 225 226 228 229 230 231 232 233 234 237 238 239 240 241 242 243 244 245 246 247 248 249 250 251 253 256 0
1 4 6 12 18 19 20 21 0

29
1 2 3 4 5 6 7 8 9 10 11 12 13 14 15 16 17 18 19 20 21 22 23 24 25 26 27 28 29 30 31 32 33 34 35 37 39 40 41 43 44 45 47 48 49 51 52 53 54 55 56 57 58 59 61 62 63 64 65 66 67 68 69 70 71 72 73 74 75 76 77 78 80 81 82 83 84 85 86 88 89 92 93 94 95 96 97 101 102 103 104 105 106 107 109 110 111 112 113 115 116 117 118 119 120 121 124 125 126 127 128 129 131 132 133 134 135 136 138 140 141 142 143 144 145 146 147 148 149 150 151 152 154 155 156 157 159 164 165 166 167 168 169 171 172 174 175 176 177 178 180 181 183 184 185 186 187 188 189 190 191 192 193 194 195 196 197 198 199 200 202 203 204 205 206 207 208 210 211 212 213 214 215 218 219 220 221 222 224 225 228 229 230 231 232 233 234 235 236 237 238 240 241 242 243 244 245 246 247 248 249 251 252 253 254 255 0
1 4 5 6 9 10 11 12 13 16 17 18 19 20 21 22 24 25 27 29 31 32 0

30
1 2 3 5 6 9 10 11 12 13 14 15 16 17 18 22 23 25 26 27 29 30 31 32 33 34 35 36 37 38 40 41 42 43 44 49 50 51 52 53 54 56 57 58 59 60 61 62 63 64 65 66 68 69 71 72 73 76 78 79 80 81 82 83 84 85 86 88 89 90 91 92 93 96 97 98 99 100 103 104 105 106 108 109 110 112 113 114 117 118 119 120 121 122 123 124 125 126 128 129 131 132 133 134 135 136 137 138 139 140 142 143 144 146 147 148 149 150 151 152 154 155 156 160 162 163 164 165 166 167 168 169 170 171 172 173 174 175 176 177 179 181 182 184 185 186 187 188 189 192 193 194 195 196 197 198 199 200 201 202 203 204 205 206 207 208 209 210 211 213 215 216 218 220 221 222 223 224 225 226 227 228 229 230 231 232 234 236 237 238 240 241 243 244 246 247 248 249 250 252 253 254 255 256 0
1 3 4 5 6 7 9 10 11 13 16 17 18 19 21 22 24 25 26 27 29 30 31 0

31
1 2 3 4 5 6 7 8 9 10 11 12 13 14 15 16 17 18 19 20 21 22 23 24 25 26 27 28 29 30 31 32 33 34 35 36 37 38 39 40 41 42 43 44 45 46 47 48 49 50 51 52 53 54 55 56 57 59 60 61 62 63 64 65 66 67 68 70 71 72 74 76 78 79 80 81 82 83 85 86 87 88 89 90 91 92 93 94 95 96 98 100 101 102 103 104 106 107 109 110 111 112 114 115 116 117 118 120 121 122 123 124 125 126 127 128 131 132 133 135 136 137 138 139 142 143 144 147 148 149 150 151 152 153 155 157 158 159 160 161 162 163 164 165 166 167 168 169 170 171 172 173 174 175 176 177 178 179 181 182 183 184 185 186 187 188 189 190 191 192 193 194 195 196 197 198 199 200 201 202 204 205 206 207 208 209 210 211 212 213 214 215 216 217 218 219 220 222 223 224 226 227 228 229 232 233 235 236 237 238 239 240 241 242 243 245 246 248 250 251 252 0
1 2 3 4 5 6 7 8 9 10 13 14 16 17 18 19 20 21 22 24 25 27 28 30 32 0

32
1 2 3 4 5 6 7 8 9 10 11 12 13 14 15 16 17 18 19 20 21 22 23 24 25 26 27 28 29 30 31 32 33 34 35 36 37 38 39 40 41 42 43 44 45 46 47 48 49 51 52 53 54 56 57 58 59 60 61 62 63 64 65 66 67 68 69 70 71 72 73 74 75 76 77 78 79 80 81 82 83 84 85 86 87 88 89 90 91 92 93 94 95 96 98 99 100 101 102 103 104 105 107 108 109 110 111 112 113 114 116 117 120 121 122 123 125 126 127 128 130 131 132 133 134 135 136 138 139 140 142 143 144 145 146 147 148 149 150 152 153 154 155 156 157 158 159 160 162 163 166 168 169 171 172 173 174 176 177 178 179 180 181 182 183 184 185 186 187 188 189 191 192 193 194 195 196 197 198 199 200 201 202 203 204 205 206 207 208 209 210 211 212 213 214 216 217 219 220 221 222 223 224 225 227 228 230 232 233 236 237 238 239 240 241 242 243 244 245 246 247 248 249 250 251 252 254 256 0
1 2 3 4 5 6 9 11 16 18 19 20 21 22 25 27 28 29 30 31 32 0

33
1 2 3 4 5 7 8 9 10 11 12 13 14 15 16 17 18 19 20 21 22 23 24 25 26 27 28 29 30 31 32 33 34 35 36 37 38 39 40 41 42 43 44 45 46 47 48 49 50 51 52 53 54 55 57 58 59 60 61 62 63 64 65 66 67 68 69 71 72 73 75 76 78 80 81 82 83 84 86 88 89 91 93 94 95 96 97 101 102 103 104 105 109 110 112 113 114 115 117 119 120 121 123 124 127 128 131 132 133 134 135 136 138 139 140 141 142 143 144 145 146 147 148 149 150 152 153 154 156 157 158 159 160 161 162 163 164 165 166 167 168 169 170 171 172 173 174 176 177 178 179 180 181 182 184 185 186 187 188 189 190 191 192 193 194 195 196 197 198 199 200 201 202 203 204 205 206 207 208 209 210 211 212 213 215 216 218 219 220 221 222 223 224 225 226 227 230 231 232 233 234 235 236 237 238 239 241 242 243 244 245 246 247 248 249 250 252 253 254 256 0
2 3 4 5 6 8 9 10 11 12 15 16 17 18 21 22 23 25 26 28 30 31 0

34
1 2 3 4 5 6 7 8 9 10 11 12 13 14 15 16 17 18 19 20 21 22 23 24 25 26 27 28 29 30 31 32 33 34 35 36 37 38 39 40 41 42 43 44 45 46 47 48 49 50 51 52 53 54 55 56 57 58 59 60 61 62 63 64 65 66 67 68 69 70 71 72 73 74 75 76 77 78 79 80 81 82 83 84 86 87 88 89 91 92 93 94 95 97 99 100 101 102 103 104 105 108 109 110 111 112 116 118 120 121 122 123 124 125 126 127 128 129 130 131 132 134 135 136 137 138 139 140 141 142 143 144 146 147 149 150 152 154 155 157 160 162 163 164 165 166 167 168 169 170 171 172 173 175 176 177 178 180 182 183 184 185 186 187 188 191 192 193 194 195 196 197 198 199 200 202 203 204 205 206 207 208 209 210 211 212 213 214 215 216 217 219 220 221 222 223 224 226 227 228 229 230 231 232 233 234 235 237 239 240 241 242 244 247 248 249 252 253 254 256 0
2 3 4 6 7 9 11 12 13 15 16 18 19 20 21 23 27 0

35
1 2 3 4 5 6 7 8 9 11 12 14 15 16 17 18 19 20 21 22 23 24 25 26 27 30 31 32 33 35 38 39 40 41 42 43 46 47 49 50 51 52 54 56 57 58 59 60 61 62 63 64 65 66 67 68 69 70 71 72 73 74 75 76 77 78 79 80 81 82 83 84 86 87 88 90 91 92 93 95 96 97 98 99 100 102 103 104 105 106 108 109 110 111 112 113 114 116 117 118 120 121 122 123 124 125 126 127 128 129 130 131 132 133 134 136 137 138 140 141 142 144 145 146 147 148 150 151 152 153 154 155 156 157 158 159 160 161 162 163 164 165 166 168 169 170 171 172 173 174 176 177 178 180 182 183 184 185 186 187 188 189 190 191 192 193 194 195 196 197 198 199 200 201 202 203 204 205 206 207 208 209 211 212 213 214 215 216 217 218 219 220 222 224 225 226 227 228 230 231 232 233 234 235 236 237 238 240 241 242 243 244 245 247 248 249 251 252 254 256 0
1 4 5 6 7 8 9 10 11 16 17 18 20 21 22 23 24 25 26 27 28 29 30 31 32 0

36
1 2 3 4 5 6 7 8 9 10 11 12 13 15 16 17 18 19 20 21 22 23 24 25 26 27 28 29 30 31 32 33 34 35 36 37 38 39 40 41 42 43 44 45 46 47 48 49 50 51 52 53 54 55 56 57 58 59 60 61 62 63 64 65 66 68 70 71 72 73 74 75 76 77 78 79 80 81 82 83 84 85 86 87 88 89 90 91 93 94 95 96 97 99 100 101 102 103 104 105 106 107 108 109 110 111 112 114 115 116 120 121 122 123 124 126 127 128 129 130 131 132 133 134 135 136 137 138 139 140 141 143 144 145 146 147 148 149 151 152 153 154 155 156 157 158 160 161 162 163 165 167 168 169 170 171 172 173 174 175 177 179 180 181 182 183 184 186 187 188 189 190 191 192 193 194 195 196 197 198 199 200 201 202 203 204 205 206 207 209 210 211 212 213 214 215 216 217 219 220 221 222 223 224 226 228 230 231 232 233 235 236 237 238 239 240 241 242 244 245 246 247 249 250 253 254 255 256 0
2 3 4 5 6 8 9 12 13 14 16 18 19 20 21 22 24 25 28 29 30 31 32 0

37
1 2 3 5 6 7 8 9 14 15 16 17 18 19 20 21 25 26 27 28 29 30 31 32 33 34 35 36 37 38 39 40 41 42 43 46 47 48 49 50 51 52 54 55 56 57 58 59 60 62 63 64 65 66 67 70 71 72 73 75 76 77 78 79 80 81 83 84 85 86 88 89 90 91 92 93 94 95 96 97 98 99 100 101 102 104 105 106 108 109 110 112 114 115 117 118 119 120 122 125 126 127 128 129 130 131 132 133 134 135 136 137 138 139 140 141 142 143 144 145 146 148 149 150 151 152 154 155 156 158 159 160 161 162 163 164 166 167 168 169 171 173 174 175 176 177 178 179 180 181 182 183 184 186 187 188 189 190 191 192 193 194 195 196 197 198 199 200 202 203 204 206 208 210 211 212 213 214 215 216 217 219 222 224 226 228 229 232 233 234 235 236 237 240 241 242 244 247 248 249 250 252 255 256 0
3 4 6 7 17 18 19 21 22 25 26 30 0

38
1 2 3 4 5 6 7 9 10 11 12 13 14 15 16 17 19 20 21 22 23 25 26 28 29 30 32 33 34 35 36 37 38 39 40 41 42 43 44 45 46 47 48 49 50 51 52 53 54 55 56 57 58 59 60 62 63 64 66 67 68 69 70 71 72 73 74 75 78 79 80 81 82 83 84 86 88 89 90 91 92 93 94 96 97 98 99 100 101 102 104 105 106 107 108 109 112 113 114 115 116 118 119 120 121 122 123 126 127 128 129 130 131 132 133 135 136 138 139 140 142 143 144 145 146 147 148 151 152 154 155 156 157 158 160 161 162 163 164 165 166 168 169 170 171 172 175 176 177 178 179 180 183 184 185 187 188 189 190 191 192 193 194 195 196 197 198 199 200 201 202 203 204 205 206 207 208 209 210 211 215 216 217 218 224 225 226 227 229 230 231 232 233 234 235 236 237 238 239 240 241 242 243 244 245 246 247 248 249 250 252 253 254 255 0
2 4 6 10 11 13 14 16 17 18 20 21 28 0

39
1 3 4 5 6 7 8 9 10 11 12 13 14 15 16 17 18 20 21 22 23 24 25 26 27 28 29 30 31 32 33 34 36 37 39 40 41 42 43 44 45 46 47 48 49 50 51 52 53 54 55 56 57 58 59 60 61 62 63 64 65 66 67 68 70 72 76 78 79 80 83 84 85 87 88 90 91 92 94 95 96 98 100 101 102 103 104 106 107 108 109 110 112 114 115 116 117 118 120 122 123 126 127 128 129 130 131 134 135 136 137 138 139 140 142 143 144 146 147 148 149 150 151 152 154 155 156 157 158 160 161 162 164 165 166 168 169 170 171 172 173 175 176 177 178 179 182 183 184 185 186 187 188 189 190 191 192 193 194 195 196 197 198 199 200 201 202 203 204 205 206 207 208 209 210 211 212 213 214 216 218 220 221 223 224 225 226 227 228 229 230 232 233 234 235 236 237 239 240 241 242 243 244 245 246 247 248 249 250 251 252 253 254 255 256 0
4 6 7 8 10 11 14 15 16 18 20 21 24 25 27 28 30 32 0

40
1 2 3 4 5 6 7 8 9 10 11 12 13 14 15 16 17 18 19 20 21 22 23 24 25 26 27 28 29 30 31 32 33 34 35 36 37 38 39 40 41 42 43 44 45 46 47 48 49 50 51 52 53 54 55 56 57 58 59 60 61 62 63 64 65 67 68 69 70 72 73 74 75 76 77 78 79 80 81 84 85 86 87 88 89 91 92 93 95 96 99 100 102 103 104 105 106 107 108 109 111 112 113 114 115 117 119 120 121 122 123 124 126 127 128 129 130 131 132 133 134 135 136 137 138 139 140 141 142 143 144 145 146 147 148 150 151 152 153 154 158 159 160 161 162 164 165 166 167 168 169 170 171 172 173 174 175 176 177 178 179 180 181 182 183 184 186 187 188 189 190 192 193 194 195 196 197 198 199 200 201 202 203 206 207 208 209 210 211 212 214 215 216 218 219 220 222 223 224 225 226 227 228 229 230 231 232 233 234 235 237 238 239 240 241 242 243 244 245 246 247 248 250 252 253 254 256 0
3 4 5 6 7 10 12 18 20 21 27 28 30 0

41
1 2 3 4 5 6 7 8 9 10 11 12 13 14 15 16 17 19 20 21 22 23 24 25 26 27 28 29 30 31 32 33 34 35 36 37 38 39 40 41 42 43 44 45 46 47 48 49 51 52 53 54 55 56 57 58 59 60 61 62 63 64 65 66 68 69 70 71 72 73 75 76 77 78 79 80 82 84 87 88 89 90 91 92 93 95 96 97 98 99 101 103 104 105 106 110 112 114 115 116 117 121 122 123 124 125 126 127 128 129 130 131 132 133 134 135 136 137 138 140 141 142 143 144 145 146 148 149 150 151 152 153 155 157 158 161 162 163 165 166 168 169 170 171 172 173 174 175 176 177 178 179 180 181 182 183 184 185 186 187 188 189 190 191 192 193 194 195 196 197 198 199 200 201 202 203 204 207 208 209 210 212 213 214 216 219 221 222 223 225 226 227 228 229 230 232 233 234 235 236 237 238 239 240 242 243 244 245 246 247 248 251 252 253 254 256 0
2 4 6 7 8 9 10 11 13 16 17 18 19 20 21 23 24 26 27 31 32 0

42
1 2 3 4 5 6 7 8 9 10 11 12 13 14 15 16 17 18 19 20 21 22 23 24 25 26 27 28 29 30 31 32 33 34 35 36 37 38 39 40 41 42 43 44 45 46 47 48 49 50 51 52 53 54 55 56 57 58 59 60 61 62 63 64 65 66 67 68 69 71 72 73 74 75 76 78 80 81 82 83 84 85 86 87 88 89 90 91 92 93 94 95 96 97 98 99 100 101 102 105 106 108 109 110 111 112 117 118 119 120 121 122 125 128 130 131 132 134 135 136 137 138 139 140 141 142 143 144 146 147 148 149 150 151 152 153 154 155 156 157 158 160 161 162 163 164 165 166 167 168 169 170 172 173 174 175 176 177 179 181 182 183 184 185 186 187 190 192 193 194 195 196 197 198 199 200 201 202 203 204 205 206 207 208 209 210 211 212 213 214 215 216 217 218 219 220 221 222 223 224 225 226 228 231 232 233 235 236 237 238 239 240 242 246 248 249 252 254 255 256 0
1 2 4 6 7 9 10 11 14 15 16 17 18 19 20 21 23 0

43
1 2 4 5 7 8 9 10 11 12 13 15 16 17 18 19 20 21 22 23 24 25 26 28 29 30 31 32 33 34 35 36 37 38 39 40 41 42 43 44 47 48 49 50 51 52 54 55 56 57 58 59 60 61 62 63 64 65 66 67 68 69 70 71 72 73 75 76 79 80 81 82 83 84 85 86 87 88 89 90 91 92 93 94 95 96 97 98 99 100 101 102 103 104 105 106 108 109 110 111 112 113 114 115 116 117 118 119 120 121 122 124 125 126 128 129 131 132 133 134 135 136 137 138 140 141 142 143 144 145 146 147 148 150 151 152 153 154 155 156 157 158 160 161 162 163 164 165 166 167 168 170 172 173 175 177 178 181 182 183 184 185 186 188 189 190 191 192 193 194 195 196 197 198 199 200 201 204 205 208 209 211 212 213 215 216 217 218 219 220 221 223 224 225 226 227 228 229 230 231 232 233 235 238 240 242 243 244 246 247 248 249 250 251 252 253 254 255 256 0
2 4 6 7 8 11 14 15 17 18 19 20 21 23 24 25 29 30 31 0

44
1 2 3 4 5 6 7 8 9 10 11 12 13 14 15 16 17 18 19 20 21 22 23 24 25 26 27 28 29 30 31 32 33 34 35 36 37 38 39 40 41 42 43 44 45 46 47 48 49 50 51 52 53 54 55 56 57 58 59 60 61 62 63 64 65 66 67 68 69 70 71 72 73 74 75 76 77 79 80 81 82 85 86 88 89 92 93 94 95 96 97 98 100 101 102 105 106 107 108 109 110 111 112 114 115 116 117 118 119 120 121 123 125 126 127 128 129 130 131 132 133 134 135 136 137 138 139 141 142 143 144 145 146 147 150 151 152 154 155 156 157 158 159 160 161 163 164 165 166 167 168 169 170 171 172 173 175 176 177 178 180 181 183 184 188 189 190 191 192 193 194 195 196 197 198 199 200 201 202 203 205 206 207 208 210 211 212 217 219 220 222 224 225 226 228 229 230 231 232 233 234 235 236 238 239 241 243 244 245 246 247 248 249 250 251 252 253 254 255 0
2 3 4 6 7 10 11 13 16 18 20 21 25 27 28 29 30 32 0

45
1 2 3 5 6 7 8 9 10 12 13 14 16 17 18 19 20 21 22 23 24 25 26 27 28 29 30 31 32 33 34 35 36 37 38 39 40 41 42 43 44 45 46 47 48 49 50 51 52 53 54 55 56 57 58 59 60 61 62 63 64 65 66 67 68 69 70 71 72 75 77 78 79 80 81 82 83 84 85 86 88 89 90 91 92 93 94 95 96 97 98 99 100 101 102 103 104 105 106 108 109 110 111 112 114 115 116 117 118 119 120 121 122 123 124 125 126 128 129 130 131 132 133 134 136 137 138 139 140 141 142 143 144 145 146 147 148 149 150 151 152 153 154 156 157 158 159 160 161 163 164 166 167 168 169 170 171 172 173 174 175 176 177 178 179 180 181 182 183 184 185 186 187 188 192 193 194 195 196 197 198 199 200 203 204 205 206 207 208 209 210 211 212 213 214 215 216 217 218 219 220 221 224 225 226 227 228 229 230 231 232 235 236 237 238 239 240 241 242 243 244 245 247 248 249 250 251 252 253 254 255 256 0
3 4 6 7 8 9 10 11 13 14 17 18 19 21 22 23 28 29 30 31 0

46
1 2 3 4 5 6 7 8 9 10 11 13 14 16 17 18 19 20 21 22 23 24 25 26 27 28 29 30 31 32 33 34 35 37 38 39 40 41 42 43 44 45 46 49 51 52 53 54 55 56 57 58 59 60 61 62 63 64 65 66 67 68 69 70 71 72 73 74 75 76 77 78 79 80 81 82 83 84 85 86 87 88 90 91 93 94 95 96 97 98 99 100 101 102 104 105 107 108 109 110 111 112 114 115 117 118 119 120 121 122 123 124 125 128 129 130 131 133 134 135 136 137 138 139 140 141 142 143 144 145 146 148 149 150 151 152 153 154 156 157 158 160 161 162 163 164 167 168 169 170 171 172 173 174 175 176 177 178 179 182 184 185 186 187 188 190 191 192 193 194 195 196 197 198 199 200 201 202 205 206 207 208 210 213 214 215 216 218 219 220 221 223 224 225 226 227 228 230 231 232 233 234 235 236 237 239 240 244 245 246 247 248 249 250 251 252 254 255 256 0
3 4 5 6 7 8 9 10 11 13 14 17 18 19 20 21 22 25 28 29 30 31 0

47
1 2 3 4 5 6 7 8 9 11 12 13 14 15 16 17 18 19 20 22 23 24 25 26 27 28 30 31 32 33 34 35 36 37 39 40 41 43 44 45 46 47 48 49 50 51 52 53 54 55 56 57 58 59 60 61 62 63 64 65 66 67 69 70 71 72 73 74 75 76 77 78 80 81 82 83 84 85 86 87 88 89 90 91 92 94 95 96 97 98 99 101 102 103 105 106 107 108 109 110 112 114 115 116 117 118 120 121 122 123 125 126 127 128 129 130 131 132 133 134 135 136 137 138 139 142 143 144 148 151 152 156 158 160 162 163 164 166 167 168 169 170 171 174 175 176 177 178 179 183 184 185 186 187 188 191 192 193 194 195 196 197 198 199 200 201 202 203 204 205 206 208 210 211 212 213 214 215 216 218 219 220 224 225 227 228 229 232 233 234 235 236 237 239 240 241 242 243 244 245 246 247 248 249 250 251 252 253 254 255 256 0
2 3 4 6 9 10 11 18 21 24 25 27 28 32 0

48
1 2 3 4 5 6 7 8 9 10 11 12 14 15 16 17 19 20 21 22 23 24 25 26 28 29 30 31 32 33 34 35 36 37 38 39 40 41 43 44 45 47 48 49 50 51 52 53 54 55 57 58 59 60 61 62 63 64 65 66 67 68 69 70 71 72 73 75 76 77 80 81 82 83 85 86 87 88 89 91 92 94 95 96 97 98 100 101 102 103 104 106 107 110 111 112 113 114 115 116 118 120 121 122 123 125 126 127 128 131 132 133 134 135 136 137 138 141 142 143 144 146 147 148 151 152 154 155 156 157 159 160 163 165 166 167 168 174 175 176 177 178 179 181 183 184 185 187 189 190 192 193 194 195 196 197 198 199 200 201 202 204 205 206 207 208 210 211 212 213 214 217 220 221 222 224 228 229 232 235 236 237 238 239 240 241 242 243 244 245 246 247 248 249 250 251 252 253 254 255 256 0
1 4 6 9 10 11 12 16 18 20 21 22 23 24 0

49
1 2 3 4 5 6 7 8 9 13 15 17 18 20 21 22 23 24 25 27 28 29 30 32 33 34 35 36 37 38 39 40 41 42 43 44 45 46 47 48 49 51 52 53 54 56 57 58 59 60 61 62 63 64 66 67 69 70 72 73 78 79 81 82 83 84 87 88 89 90 91 92 95 96 97 98 100 101 102 103 104 106 109 112 113 115 116 118 120 121 123 124 125 126 128 129 130 131 133 134 135 136 137 138 140 141 142 143 144 147 148 149 151 152 155 156 157 158 160 162 164 165 166 167 168 169 170 171 172 173 174 175 176 177 178 179 180 181 182 183 184 185 186 187 188 189 190 191 192 193 194 195 196 197 198 199 200 201 202 205 206 207 208 211 212 213 214 215 217 219 223 224 225 226 228 229 232 233 234 235 236 237 238 240 241 242 243 244 245 246 248 249 250 251 254 255 256 0
1 4 6 7 8 12 14 15 16 17 18 20 21 23 25 27 30 0

50
1 2 3 4 5 6 7 8 9 11 12 13 14 15 16 17 18 19 20 21 22 24 25 26 27 28 29 30 31 32 33 34 35 36 37 38 39 40 41 42 43 44 45 46 47 48 49 50 51 52 53 54 55 56 57 58 59 60 61 62 63 64 65 66 67 68 69 70 71 72 73 74 75 76 77 78 79 80 83 84 85 86 87 88 89 91 92 93 96 97 98 99 100 102 103 104 105 106 107 108 109 110 111 112 113 114 115 116 117 118 119 120 121 123 124 125 126 127 128 129 131 132 133 134 135 136 137 138 141 142 143 144 145 146 147 148 149 150 151 152 153 154 155 157 159 160 161 163 164 165 168 171 172 173 174 176 177 180 181 182 183 184 185 186 187 188 189 190 192 193 194 195 196 197 198 199 200 201 202 203 204 206 207 208 209 210 211 212 213 214 215 216 218 219 220 222 224 226 227 228 229 230 231 232 233 234 235 236 238 239 240 241 242 243 244 245 246 247 248 249 251 252 253 254 256 0
2 3 4 5 6 7 11 12 13 14 17 18 19 20 21 0

51
1 2 3 4 5 6 7 8 9 11 12 13 14 15 16 17 18 20 21 22 23 24 25 27 28 29 30 32 33 34 35 37 38 39 40 41 42 43 44 45 46 47 48 49 50 51 52 53 55 56 57 58 59 60 61 62 63 64 65 66 67 68 69 70 71 72 74 75 76 77 78 79 80 81 84 85 86 87 88 89 90 92 93 94 95 96 97 98 100 102 103 104 105 106 107 110 111 112 113 114 117 118 119 121 122 123 124 125 126 128 129 130 131 132 133 134 135 136 137 138 139 140 141 142 143 144 145 146 147 148 149 150 151 152 153 154 157 158 159 160 161 163 164 166 167 168 169 170 171 172 173 175 176 177 178 179 180 181 182 183 184 186 187 188 189 190 191 192 193 194 195 196 197 198 199 200 201 202 203 206 207 208 209 210 211 212 213 214 215 216 217 218 219 220 221 222 223 224 225 226 227 228 229 230 231 232 233 235 239 240 242 243 244 245 246 247 250 253 254 256 0
3 4 6 10 14 17 18 21 22 25 27 28 29 30 31 32 0

52
1 2 3 4 5 6 7 8 9 10 12 13 14 16 17 18 19 20 21 23 25 26 27 28 29 30 31 32 33 34 36 37 38 39 40 41 43 44 45 47 48 49 50 52 53 55 56 57 58 59 60 61 62 63 64 66 67 68 69 70 72 73 74 75 76 77 78 79 80 82 84 86 87 88 89 90 91 92 93 94 95 96 97 98 99 100 101 102 103 104 105 106 107 108 109 110 111 112 113 114 115 116 117 118 119 120 121 122 123 124 125 126 127 128 130 131 132 133 134 135 136 137 138 139 142 144 146 147 148 149 150 151 152 153 154 155 156 157 159 160 161 162 163 167 168 169 170 171 172 173 174 175 176 177 178 179 180 181 182 183 184 185 187 189 190 191 192 193 194 195 196 197 198 199 200 201 202 203 204 205 206 207 208 209 210 211 212 213 215 216 217 218 219 220 222 223 225 226 227 229 230 231 232 233 234 235 236 237 238 239 240 241 242 243 244 245 246 247 248 249 250 251 252 253 254 255 0
1 3 4 5 6 8 10 11 12 13 14 15 18 19 20 21 22 23 25 26 27 28 29 30 31 32 0

53
1 2 3 4 5 6 7 8 9 10 12 13 14 15 16 17 18 19 20 21 22 23 24 25 26 27 28 29 30 32 33 34 35 36 37 38 39 40 41 42 43 44 45 47 48 49 50 51 52 53 54 55 56 57 58 59 60 61 62 63 64 66 67 68 69 70 72 74 75 76 77 78 80 81 83 84 85 86 87 88 91 93 94 95 96 97 99 102 103 104 105 106 107 108 109 110 112 113 114 115 116 117 118 119 120 121 123 125 126 127 128 130 131 132 133 134 135 136 137 138 140 141 142 143 145 148 149 150 151 152 154 155 156 157 158 159 160 161 162 163 164 165 166 167 168 169 170 171 172 173 174 175 176 178 180 181 182 183 184 185 187 190 192 193 194 195 196 197 198 199 200 202 203 204 205 206 207 208 209 211 212 213 214 215 217 219 220 222 223 226 228 229 231 232 233 235 236 237 238 241 243 244 246 248 249 250 251 252 253 254 255 256 0
2 3 4 5 6 8 9 10 11 12 14 15 16 18 21 22 23 25 26 32 0

54
1 2 3 4 5 6 8 9 10 11 12 13 14 15 16 17 18 19 20 22 23 24 25 26 27 29 30 32 33 34 35 36 38 39 40 41 42 43 44 45 46 47 48 49 50 51 52 53 54 55 56 57 58 59 60 61 62 63 64 66 69 70 72 76 77 79 80 81 82 83 84 85 86 87 88 90 91 92 93 94 95 96 97 98 99 100 101 103 104 105 106 107 108 110 111 112 113 114 117 120 121 125 128 129 130 131 132 133 134 135 136 137 138 139 141 142 143 145 147 149 150 151 152 153 154 155 156 157 158 160 161 162 163 167 168 169 170 171 172 173 174 175 176 177 178 179 180 182 183 184 186 188 189 190 191 192 193 194 195 196 197 198 199 200 201 203 205 206 207 208 210 211 212 213 214 215 216 221 222 224 226 228 229 230 232 233 235 236 237 238 239 241 242 243 244 245 247 248 250 251 252 253 254 0
1 4 5 6 7 8 10 14 15 16 17 18 19 20 21 23 24 25 26 27 30 31 32 0

55
1 2 3 4 5 6 7 8 9 10 11 12 13 14 15 16 17 18 19 22 23 24 25 26 27 28 29 30 31 32 33 34 35 36 38 39 40 41 42 43 45 46 47 48 49 50 51 52 53 54 55 56 57 58 59 60 61 62 63 64 65 66 68 70 72 73 74 75 76 79 80 81 82 86 88 89 90 94 96 97 99 100 101 102 103 104 105 106 107 109 110 111 112 113 117 118 120 121 122 123 127 128 129 130 132 133 134 135 136 137 138 140 143 144 145 147 148 149 150 151 152 153 154 156 157 158 159 161 162 164 165 166 167 168 169 170 171 173 174 175 176 177 178 179 180 181 183 184 185 186 189 192 193 194 195 196 197 198 199 200 201 202 203 204 205 206 207 208 209 211 212 213 214 218 219 220 221 224 225 226 227 232 233 234 235 238 239 240 241 242 243 244 245 246 247 248 249 250 252 254 255 256 0
1 2 3 4 5 6 8 9 10 11 14 16 18 21 22 27 28 31 32 0

56
1 2 3 4 5 6 7 8 9 10 11 12 13 14 15 16 17 18 20 21 24 25 26 27 28 29 30 31 32 33 35 36 37 38 39 40 41 43 44 45 46 47 48 49 50 51 52 53 55 56 57 58 59 60 61 62 63 64 65 66 67 68 69 70 71 72 73 74 75 76 77 78 79 80 81 82 83 84 85 86 87 88 89 90 92 95 96 97 98 100 102 103 104 105 106 107 108 109 110 111 112 113 114 115 116 118 119 120 121 122 123 124 125 126 127 128 129 131 132 133 134 135 136 139 140 141 142 144 145 147 149 150 151 152 153 154 155 157 158 159 160 161 162 163 164 165 166 167 168 169 170 171 172 173 174 175 176 177 179 180 181 182 183 184 185 186 187 188 189 190 191 192 193 194 195 196 197 198 199 200 201 202 203 204 205 206 207 208 209 210 211 213 214 215 217 218 219 220 221 222 223 224 225 226 227 228 229 230 231 232 233 234 235 236 237 238 240 241 242 243 244 245 246 247 248 250 251 252 253 254 256 0
1 2 3 4 5 6 8 11 12 13 15 16 17 18 20 21 22 23 24 25 26 27 28 29 30 32 0

57
1 2 3 4 5 6 7 8 9 11 12 13 14 15 16 17 18 19 20 21 22 23 24 25 26 27 28 29 30 31 32 33 34 35 36 37 38 39 40 41 42 43 45 46 47 48 49 50 51 52 53 54 55 56 57 58 59 60 61 62 63 64 65 66 67 68 69 71 72 73 75 76 77 78 79 80 81 82 83 84 85 87 88 89 90 91 92 93 95 96 97 98 99 100 101 102 104 107 108 109 110 111 112 113 114 115 116 117 119 120 121 122 123 124 125 126 127 128 129 130 131 132 134 135 136 137 138 139 142 143 144 145 146 147 148 150 151 152 153 154 155 159 160 161 162 164 167 168 169 170 172 173 174 175 176 177 178 182 183 184 186 187 188 189 190 191 193 194 195 196 197 198 199 200 201 202 203 204 205 206 207 208 209 210 211 212 213 214 215 216 218 219 220 223 224 226 227 231 232 233 234 236 237 240 242 243 244 245 246 247 248 249 251 252 253 254 256 0
1 4 6 9 10 11 12 14 18 19 20 21 27 31 0

58
1 2 3 4 5 6 7 8 9 10 11 12 13 14 15 16 17 18 19 20 21 22 23 24 25 26 27 28 29 30 32 33 34 35 36 37 38 40 41 42 43 44 45 47 48 49 50 51 52 54 55 56 57 58 59 60 61 62 63 64 65 66 67 68 69 70 71 72 73 74 75 76 77 78 79 80 81 82 83 84 85 86 87 88 89 90 91 92 93 94 95 96 97 98 99 100 101 102 103 104 105 106 107 108 110 111 112 113 114 116 117 118 119 120 121 122 123 124 125 126 128 129 130 131 132 137 138 139 142 144 145 146 147 148 149 150 151 152 153 154 155 156 157 158 159 160 161 162 163 164 165 166 167 168 171 172 173 174 175 176 177 178 179 180 182 183 184 188 189 190 191 192 193 194 195 196 197 198 199 200 201 202 203 205 206 207 208 209 210 211 213 214 215 216 217 218 219 220 221 222 223 224 225 226 227 228 229 230 231 232 233 234 235 238 239 240 242 244 245 246 247 248 249 250 251 252 253 254 255 256 0
1 2 3 4 5 6 7 9 10 11 12 13 14 15 16 17 18 20 21 22 23 24 25 26 27 28 29 31 32 0

59
1 2 3 4 5 6 7 8 9 10 11 12 14 15 16 17 19 20 21 22 23 24 25 26 27 28 29 30 31 32 33 34 35 36 37 38 39 40 41 42 43 44 46 48 49 51 53 54 55 56 57 58 59 60 61 62 63 64 65 66 67 68 69 70 71 72 73 74 75 77 80 81 83 85 86 87 88 89 90 91 92 93 94 95 96 99 100 101 102 104 105 109 110 111 112 113 114 115 116 119 120 121 122 123 124 126 127 128 129 130 131 132 134 136 137 138 140 141 142 143 144 145 146 147 150 152 153 154 155 156 157 159 160 161 162 163 164 165 166 167 168 169 170 171 172 175 176 178 179 183 184 185 186 187 188 190 191 192 193 194 195 196 197 198 199 200 202 203 204 205 206 207 209 210 211 212 213 214 215 216 217 218 219 220 221 222 224 225 227 228 229 230 231 232 233 234 235 236 239 240 241 242 243 244 245 246 247 248 249 250 251 252 253 254 255 256 0
1 4 6 7 10 13 16 18 20 21 23 24 25 27 30 31 32 0

60
1 3 4 5 6 7 8 9 10 11 12 13 14 15 16 17 18 19 20 21 22 23 24 25 26 27 29 30 31 32 33 34 35 36 37 38 39 40 41 42 43 44 45 46 47 48 49 50 51 52 53 54 56 57 58 59 60 61 62 63 64 65 66 67 68 71 72 73 74 75 76 78 79 80 81 82 83 84 85 86 87 88 89 90 91 92 93 94 96 97 98 100 101 102 103 105 107 108 109 110 111 112 113 115 116 117 118 119 120 121 123 124 126 127 130 132 133 135 136 137 138 139 141 142 143 144 146 147 148 149 151 152 153 154 157 158 160 161 162 163 164 165 167 168 171 174 175 176 177 178 180 181 182 183 184 185 186 187 188 189 191 192 193 194 195 196 197 198 199 200 201 202 205 207 209 210 211 212 213 214 215 217 218 219 220 221 222 223 224 225 227 228 229 232 233 236 237 239 240 241 243 246 247 248 250 251 252 253 254 255 256 0
1 2 4 6 8 9 10 11 14 15 16 18 19 20 21 24 26 27 28 30 32 0

61
1 3 4 5 6 7 8 9 11 12 13 14 16 17 19 20 21 22 23 24 25 26 27 28 29 30 31 32 33 34 35 36 37 38 39 40 41 42 43 44 45 46 47 48 49 50 51 52 53 54 55 57 59 60 62 63 64 65 66 67 68 69 71 72 73 75 77 79 80 81 82 84 86 87 88 89 90 93 95 96 97 102 104 105 106 107 108 109 110 111 112 114 116 119 120 121 122 123 124 125 126 128 129 130 131 132 134 135 136 137 138 139 140 141 142 143 144 146 147 149 150 151 152 153 154 155 156 157 158 159 160 161 162 163 164 165 166 168 169 170 171 172 173 174 176 177 178 179 180 181 182 183 184 185 186 187 190 192 193 194 195 196 197 198 199 200 201 202 203 204 205 206 207 208 209 210 211 212 213 214 215 216 217 218 219 221 222 223 224 225 226 228 231 232 233 234 235 236 237 238 239 240 241 242 243 244 245 246 247 248 249 251 252 253 254 255 256 0
2 3 4 5 6 8 9 11 13 15 18 19 21 23 25 28 31 32 0

62
1 2 3 4 5 6 7 8 9 10 11 12 13 14 15 16 17 18 19 20 21 22 23 24 25 26 27 28 29 30 31 32 33 34 35 36 37 38 39 40 41 42 43 44 46 47 48 49 50 51 52 53 54 55 56 57 58 59 60 61 62 63 64 65 66 67 69 70 71 72 73 74 75 77 78 79 81 82 83 85 86 88 89 90 92 93 94 95 97 99 101 102 103 104 105 106 108 109 110 111 112 114 115 116 118 120 121 122 123 124 125 126 127 128 129 130 131 134 135 136 137 138 142 143 144 146 147 148 152 153 157 160 161 162 163 164 165 166 167 168 169 170 172 173 174 175 176 177 178 179 181 182 183 184 185 186 187 189 190 192 193 194 195 196 197 198 199 200 202 203 205 206 207 208 209 210 211 212 213 214 218 219 220 221 222 223 224 225 226 227 228 229 230 231 232 233 234 236 240 241 242 244 247 248 249 251 252 254 256 0
2 3 4 6 9 10 11 12 13 16 18 19 20 21 22 23 24 0

63
1 2 3 4 5 6 7 8 9 10 11 12 13 14 15 16 17 18 19 20 21 22 23 24 25 26 27 29 31 32 33 34 35 36 37 38 39 40 41 42 43 46 47 48 49 50 51 52 53 54 55 56 57 58 59 60 61 62 63 64 65 66 67 68 69 70 71 72 73 75 76 77 78 79 80 82 84 85 86 87 88 89 90 92 93 94 95 96 97 98 99 101 102 103 104 105 106 107 108 109 110 111 112 113 114 115 116 118 119 120 121 122 123 124 125 126 128 130 131 132 133 135 136 138 140 141 143 144 145 148 149 150 151 154 155 156 157 158 159 160 161 162 163 164 165 166 167 168 169 170 171 172 173 174 175 176 179 180 182 183 184 186 187 189 190 191 192 193 194 195 196 197 198 199 200 202 203 205 207 209 210 211 212 213 214 215 216 219 220 221 222 223 224 226 228 229 230 231 232 233 234 235 236 237 238 239 240 241 243 245 246 247 248 250 251 253 256 0
2 4 6 7 8 10 15 16 17 18 19 21 22 24 25 31 0

64
1 2 3 4 5 6 7 8 9 10 11 12 13 14 15 16 17 18 19 20 21 22 23 24 25 26 27 28 29 30 31 32 33 34 35 36 37 38 39 40 41 42 43 44 45 46 47 48 49 50 51 52 53 54 55 56 57 58 59 60 61 62 63 64 65 66 67 68 69 70 71 72 73 74 75 76 77 78 79 80 81 82 83 84 85 86 87 88 89 91 92 93 94 95 96 97 98 100 101 102 104 105 106 109 110 111 112 114 115 116 118 119 120 121 122 123 124 125 127 128 129 130 131 132 133 134 135 136 137 138 140 141 142 143 144 145 146 147 148 149 150 151 152 153 154 155 156 157 158 159 160 161 162 163 164 165 166 167 168 169 170 171 172 173 176 177 180 181 183 184 185 186 189 190 191 192 193 194 195 196 197 198 199 200 201 202 203 204 206 207 208 209 210 211 212 213 215 217 218 219 220 221 223 224 225 226 227 228 229 230 231 232 233 234 235 236 238 239 240 242 243 244 245 246 247 248 249 250 251 252 253 254 255 256 0
3 4 6 10 11 12 15 18 20 21 22 24 26 27 32 0

65
1 2 3 4 5 6 7 8 9 10 11 12 13 14 15 16 17 19 20 21 22 23 24 25 26 27 28 30 31 32 33 34 35 36 37 39 40 41 43 44 47 48 49 50 51 52 53 54 55 56 57 58 59 60 61 62 64 65 66 67 69 71 72 73 74 75 76 77 78 79 80 81 82 83 85 86 87 88 90 91 94 95 96 97 98 100 102 103 104 106 107 108 109 110 112 114 116 117 118 119 120 121 122 123 124 125 126 127 128 131 132 133 136 138 141 142 143 144 145 149 150 151 152 153 154 155 156 157 158 160 161 163 164 165 166 167 168 169 172 173 175 176 177 178 180 181 182 183 184 185 186 187 188 189 190 191 192 193 194 195 196 197 198 199 200 202 203 205 206 207 208 209 211 212 213 214 215 216 219 220 221 222 224 225 228 229 230 231 232 233 234 236 237 238 239 240 241 242 243 244 245 246 247 248 250 251 252 253 254 255 256 0
2 3 4 5 6 9 10 11 12 13 15 16 18 19 21 22 24 26 29 30 32 0

66
1 2 3 6 7 8 9 11 12 13 14 15 16 17 18 19 20 21 23 24 25 26 27 28 29 31 32 33 34 35 36 37 38 39 40 41 42 43 44 45 47 48 49 50 51 52 53 54 55 56 57 58 59 60 61 62 63 64 65 67 68 69 70 71 72 73 75 76 77 80 81 82 83 84 85 86 87 88 89 90 91 92 94 95 96 97 98 99 100 101 102 103 105 107 110 111 112 113 114 115 116 117 119 120 121 125 127 128 129 131 132 134 135 136 138 139 140 141 142 143 144 146 147 148 149 150 151 152 153 154 155 158 159 160 161 162 163 164 167 168 170 171 173 174 175 176 177 178 179 180 181 182 183 184 185 191 192 193 194 195 196 197 198 199 200 201 202 204 205 206 207 208 209 211 212 213 214 215 216 217 218 220 221 222 223 224 225 226 227 228 229 230 232 233 234 235 236 239 240 241 242 243 244 245 246 247 248 249 251 252 253 254 255 256 0
1 2 3 4 5 6 7 8 9 10 12 14 15 16 17 18 19 20 21 23 24 27 29 31 32 0

67
1 3 4 5 6 7 8 9 10 11 12 14 15 17 18 19 20 21 22 23 24 25 26 27 28 29 30 31 32 33 34 35 36 37 38 39 40 41 42 43 44 45 46 48 49 51 52 53 54 55 56 57 58 59 60 61 62 63 64 66 67 68 69 70 71 72 73 74 76 77 78 79 80 81 82 83 85 86 87 89 90 91 92 93 94 96 97 98 99 100 101 102 103 104 105 106 108 110 111 112 114 115 116 118 120 121 122 123 124 125 126 129 131 132 133 134 135 136 137 138 139 140 141 142 143 144 145 146 147 148 149 150 151 152 153 154 155 156 157 158 160 161 162 163 164 165 166 167 168 169 170 171 172 173 174 176 177 178 179 182 184 185 186 187 190 192 193 194 195 196 197 198 199 200 201 204 205 210 211 213 214 215 217 218 219 220 221 222 223 224 225 226 228 229 230 232 233 234 235 236 238 239 240 242 243 244 245 246 247 248 249 250 252 254 255 256 0
2 4 6 7 9 11 12 15 17 18 20 21 25 27 0

68
1 2 3 4 5 6 7 8 9 10 11 12 13 14 15 16 17 18 19 20 21 22 23 24 25 26 27 28 29 30 31 32 33 34 35 36 37 38 39 40 41 43 44 45 46 47 48 49 50 51 52 53 54 56 57 58 59 60 61 62 63 64 65 66 67 68 70 71 72 75 76 77 78 79 80 81 82 83 84 85 87 88 89 90 91 92 93 94 95 96 97 98 100 101 102 103 104 105 106 107 109 110 111 112 113 114 117 118 120 121 122 123 124 125 126 127 128 131 132 133 135 137 138 139 141 142 143 144 145 146 148 149 150 151 152 153 154 155 156 157 158 159 160 161 163 164 165 166 167 168 169 170 171 173 174 175 176 177 178 182 183 184 185 186 187 188 189 190 191 192 193 194 195 196 197 198 199 200 201 202 203 204 205 206 208 210 211 212 213 214 215 216 218 219 223 224 227 228 232 233 234 236 237 238 240 242 243 244 246 247 248 249 250 251 252 254 0
1 2 4 5 6 7 8 9 10 12 14 15 16 17 18 19 20 21 22 24 26 27 28 30 31 32 0

69
1 2 3 4 5 6 7 8 9 10 11 12 13 14 15 17 18 19 20 21 22 23 24 25 26 27 28 29 30 31 32 33 34 35 37 38 39 40 41 42 43 44 45 46 47 48 49 50 51 52 53 54 55 56 57 58 59 60 61 62 63 64 65 66 67 68 69 70 71 72 74 76 77 78 79 80 81 82 83 84 85 86 88 89 90 91 92 93 94 95 96 97 99 101 102 103 104 105 106 109 110 111 112 113 114 116 117 119 120 121 122 123 124 125 127 129 130 131 132 133 135 136 137 139 140 141 142 143 144 145 146 147 148 149 150 151 152 154 155 156 157 158 159 160 161 162 163 165 166 167 168 169 170 172 173 174 175 176 177 178 179 180 181 182 183 184 185 186 187 189 190 191 192 193 194 195 196 197 198 199 200 201 202 204 205 206 207 208 209 210 212 213 214 215 216 217 218 219 220 222 224 226 227 228 230 231 232 234 235 236 237 238 239 240 241 242 243 244 245 246 248 249 250 252 254 255 256 0
1 2 3 4 5 6 7 8 10 12 13 14 16 18 19 20 21 24 26 27 28 29 30 32 0

70
1 2 3 4 5 6 7 8 9 10 11 12 13 14 15 16 17 18 19 20 21 22 23 24 25 26 27 28 29 30 31 32 33 34 35 36 37 38 39 40 41 42 43 44 45 46 47 48 49 50 51 52 53 54 55 56 57 58 59 60 61 62 63 64 65 66 67 68 69 70 72 73 74 75 76 77 79 80 81 82 83 84 85 86 87 88 89 90 91 92 93 94 96 97 99 100 101 102 103 104 106 108 109 110 111 112 113 114 115 116 117 118 119 120 121 122 125 129 130 131 132 134 135 136 139 140 142 143 144 145 147 148 149 150 151 152 153 154 155 156 157 158 159 160 163 164 165 167 168 169 172 173 174 176 179 181 182 184 186 187 190 192 193 194 195 196 197 198 199 200 201 202 203 204 205 206 207 208 209 210 211 212 214 215 216 217 218 219 220 221 222 223 224 225 227 228 229 230 231 232 235 237 238 239 240 241 243 246 247 248 251 253 254 255 256 0
1 2 4 6 7 8 9 10 12 13 14 15 16 17 18 19 20 21 22 23 24 25 27 30 31 32 0

71
1 2 3 4 5 6 7 8 9 11 12 13 14 15 16 17 18 20 21 22 23 24 25 26 27 28 29 30 31 32 33 34 35 37 38 39 40 41 42 43 44 45 46 47 48 49 50 51 52 53 54 55 56 57 58 59 60 61 62 64 65 66 68 69 70 71 72 74 76 77 79 80 81 82 83 84 85 86 87 88 89 91 92 93 94 95 96 97 99 100 101 102 104 105 106 107 108 109 110 111 112 113 114 115 116 117 118 120 121 123 124 125 126 127 128 129 130 131 132 133 134 135 136 137 138 140 141 143 144 145 146 147 148 149 150 151 152 153 154 155 156 157 158 159 160 161 162 164 165 166 167 168 169 170 171 172 173 175 176 178 180 181 182 183 184 185 186 187 189 190 191 192 193 194 195 196 197 198 199 200 201 202 204 205 207 208 209 210 211 212 213 214 215 216 217 218 219 221 222 223 224 226 227 228 229 230 231 232 233 234 235 236 237 238 239 240 242 243 244 245 246 249 250 251 252 253 254 255 256 0
1 2 3 4 6 7 8 10 11 12 15 16 17 18 19 21 22 24 25 26 29 30 31 0

72
1 2 3 4 5 6 7 8 9 10 11 12 13 14 15 16 17 18 19 20 21 22 23 24 25 26 27 28 29 30 31 32 33 34 35 37 38 39 40 41 42 43 44 45 46 47 48 49 50 51 52 53 54 55 56 57 58 59 60 61 62 63 64 65 66 67 68 69 70 71 72 74 75 76 77 78 80 81 82 83 84 85 86 87 88 89 90 91 93 94 95 97 98 101 102 103 104 105 106 107 109 110 111 112 114 115 116 118 119 120 121 123 124 127 128 129 130 132 133 134 135 136 137 138 139 140 141 142 143 144 145 146 149 150 151 152 154 155 156 157 158 159 160 161 162 163 164 165 166 167 168 169 170 171 172 174 175 176 178 179 180 181 182 183 184 186 187 188 189 190 192 193 194 195 196 197 198 199 200 201 202 203 204 205 206 207 208 210 211 212 213 214 215 216 218 219 221 223 224 225 226 227 228 229 230 231 232 233 234 235 236 237 238 239 240 241 242 245 247 248 249 250 251 252 253 254 256 0
1 2 4 5 6 7 8 9 12 13 14 15 16 18 21 22 25 26 28 29 31 32 0

73
1 2 3 4 5 6 7 8 9 10 11 12 13 14 15 16 17 18 19 20 21 22 23 24 25 26 27 28 29 30 31 32 33 34 35 36 37 38 39 40 41 42 43 44 45 46 47 48 49 50 51 52 53 54 55 56 57 58 59 60 61 62 63 64 65 66 68 69 70 71 72 73 76 77 78 79 80 81 82 83 84 85 86 87 88 89 90 93 96 97 98 100 102 103 104 105 107 108 109 110 111 112 113 114 115 117 120 122 123 124 125 126 128 130 131 132 133 134 135 136 137 138 139 140 141 142 143 144 145 146 147 149 150 152 153 154 155 157 158 159 160 161 162 163 164 165 167 168 169 170 171 174 175 176 177 178 179 180 181 182 183 184 185 186 187 189 192 193 194 195 196 197 198 199 200 202 203 204 205 206 207 208 209 210 212 213 214 216 217 218 219 220 221 222 223 224 225 226 228 229 232 233 234 235 236 237 239 240 241 242 243 244 248 249 250 252 253 256 0
1 2 4 6 7 8 11 13 14 16 17 18 20 21 22 25 26 27 29 0

74
1 2 3 4 5 6 7 8 9 10 11 12 13 14 15 17 18 19 20 21 22 23 25 26 27 28 29 30 31 33 34 35 36 37 38 39 40 41 42 43 44 45 47 48 49 50 51 54 55 56 57 58 59 60 61 62 63 64 65 67 68 69 70 71 72 73 75 76 77 78 80 81 83 84 85 86 87 88 89 91 93 94 95 96 98 99 102 103 104 105 106 112 113 114 116 117 118 119 120 121 122 123 125 126 127 128 129 131 132 133 135 136 139 140 141 142 143 144 145 146 147 148 149 150 152 154 155 157 158 159 160 161 162 163 165 166 167 168 169 170 171 172 173 174 176 178 179 180 181 182 183 184 185 186 187 189 190 192 193 194 195 196 197 198 199 200 204 205 206 208 211 212 213 214 215 216 219 220 222 223 225 226 227 228 229 231 232 233 234 235 236 237 238 239 241 242 243 245 246 247 248 249 250 251 253 254 256 0
1 2 3 4 6 9 10 11 13 14 15 16 17 18 19 20 21 24 25 26 28 31 32 0

75
1 2 3 4 5 6 7 8 9 11 12 13 14 15 16 17 18 19 20 21 22 23 24 25 26 27 28 29 30 31 32 33 34 35 36 37 38 39 40 41 42 43 44 45 46 47 48 49 50 51 52 53 54 55 56 57 58 59 60 61 62 63 64 65 66 67 68 69 70 71 72 73 75 76 77 78 79 80 81 82 83 84 85 86 87 89 90 91 92 93 95 96 97 98 99 100 101 102 103 104 105 106 108 109 110 112 114 115 116 118 119 120 121 122 123 124 125 126 127 129 130 132 133 134 135 136 138 140 141 142 143 144 145 146 148 149 150 152 153 155 158 160 161 163 166 168 169 170 171 172 173 174 175 176 181 182 183 185 186 187 188 191 192 193 194 195 196 197 198 199 200 201 202 203 204 205 206 207 208 209 210 211 212 213 214 215 216 219 221 223 224 225 226 227 228 229 230 232 233 234 235 236 237 238 240 241 243 244 248 249 250 252 254 255 256 0
1 3 4 6 7 9 10 14 18 19 20 21 24 27 30 31 32 0

76
1 2 3 4 5 6 7 8 9 12 13 14 15 16 17 19 20 21 22 23 24 25 26 27 28 29 30 31 32 33 34 35 36 37 38 39 40 41 42 43 44 45 46 47 48 49 50 51 52 53 54 55 56 57 58 59 60 61 62 63 64 65 66 68 71 72 73 75 77 80 81 82 83 84 87 88 89 90 91 92 93 96 97 99 101 102 103 104 105 106 107 108 109 110 111 112 113 114 115 116 120 121 122 123 124 125 126 128 129 130 131 132 133 134 135 136 137 138 140 141 142 143 144 145 147 149 151 152 153 154 155 156 157 159 160 161 162 163 164 165 168 169 170 171 172 173 175 176 177 178 179 180 181 183 184 186 187 188 189 190 192 193 194 195 196 197 198 199 200 201 202 203 204 205 206 207 208 209 210 211 213 215 216 217 219 221 223 224 225 227 228 229 230 231 232 234 235 236 237 238 239 240 241 242 243 244 245 246 247 248 250 251 252 253 254 255 256 0
2 4 6 11 13 14 17 18 21 24 28 30 31 32 0

77
1 2 3 4 6 7 8 9 10 11 12 13 14 16 17 18 19 20 21 22 23 24 25 26 27 28 29 31 32 33 34 36 37 38 39 40 41 43 44 45 46 47 48 49 51 52 53 54 56 57 58 59 60 61 62 63 64 65 66 67 69 70 72 73 74 75 76 78 79 80 81 82 83 84 85 86 87 88 89 90 92 96 97 98 100 101 102 103 104 106 107 109 110 112 113 115 116 117 120 123 124 126 128 129 133 136 137 140 141 143 144 146 147 148 149 151 153 154 156 157 158 161 162 165 166 168 172 175 176 177 178 179 180 181 182 183 184 185 186 187 189 190 191 192 193 194 195 196 197 198 199 200 202 203 204 205 206 207 208 209 212 213 214 216 217 218 219 220 221 222 223 229 230 231 232 233 234 235 236 237 240 241 242 243 244 245 246 247 248 250 252 253 255 0
1 2 4 5 6 7 10 11 12 13 14 15 16 17 18 19 21 23 24 27 28 29 31 32 0

78
1 2 3 4 5 6 7 8 9 10 11 12 14 15 16 17 18 19 20 21 22 23 24 25 26 27 28 29 30 31 32 33 34 35 36 37 38 39 40 41 42 43 44 45 46 48 49 50 53 54 55 56 57 58 60 64 65 66 67 68 71 72 73 74 75 76 78 79 80 81 82 83 84 85 86 87 88 90 92 94 95 96 97 98 99 100 101 102 103 104 106 107 108 109 110 112 113 114 115 116 117 118 119 120 121 124 125 126 128 131 132 133 135 136 138 139 140 141 142 143 144 145 146 147 150 152 153 154 155 156 157 160 161 162 164 165 166 167 168 169 170 171 173 174 175 176 177 178 179 184 185 186 187 188 189 190 191 192 193 194 195 196 197 198 199 200 201 203 204 205 208 209 211 212 213 214 215 217 218 220 221 224 225 226 229 232 233 234 235 236 237 238 239 240 242 243 244 245 246 247 248 251 252 253 254 256 0
2 3 4 6 9 10 11 13 14 15 16 18 19 20 21 23 24 27 29 30 31 32 0

79
1 2 3 4 5 6 7 9 10 11 12 13 14 17 18 19 20 21 22 24 25 26 27 28 29 30 31 32 33 34 35 36 37 38 39 40 41 42 43 44 46 47 48 49 50 52 53 54 55 56 57 58 59 60 61 62 63 64 65 66 67 68 69 70 71 72 74 75 76 77 78 79 80 81 82 83 86 88 89 90 91 92 93 94 96 97 98 99 100 102 103 104 105 107 108 109 110 111 112 113 114 116 117 118 119 120 121 122 125 126 128 130 131 132 133 134 135 136 137 138 139 141 142 143 144 145 148 149 151 152 153 154 156 159 160 162 163 164 165 167 168 169 170 171 172 173 174 176 177 178 179 180 181 182 183 184 185 186 187 188 191 192 193 194 195 196 197 198 199 200 202 203 204 206 207 208 210 211 212 213 214 216 218 219 220 221 222 223 224 225 227 228 229 230 231 232 234 235 238 239 240 244 245 246 247 248 249 250 251 252 254 255 256 0
1 2 3 4 5 6 7 9 10 12 14 15 16 17 18 19 20 21 22 23 25 26 28 29 0

80
1 2 3 5 6 7 8 9 10 11 12 13 14 15 16 17 18 19 20 21 22 23 24 25 26 27 28 29 30 31 32 33 34 35 37 39 40 41 42 43 44 45 46 48 49 51 52 53 54 55 56 57 58 59 60 61 62 63 64 66 67 68 70 72 73 74 75 76 77 78 80 81 82 83 84 85 86 87 88 90 91 92 93 94 95 96 97 98 99 100 101 102 103 104 105 106 107 108 109 110 111 112 113 114 118 120 121 122 124 126 127 128 129 130 132 133 134 135 136 137 138 139 140 141 142 143 144 145 146 147 149 150 152 153 154 155 156 157 158 159 160 161 163 164 165 167 168 169 170 171 172 174 175 176 177 178 179 181 183 184 185 186 187 188 191 192 193 194 195 196 197 198 199 200 201 202 203 204 205 208 209 210 211 212 213 214 216 217 218 219 220 221 223 224 225 226 227 228 231 232 233 234 235 236 237 238 239 240 241 245 248 249 250 251 252 254 256 0
2 4 6 7 8 9 10 11 13 15 17 18 21 22 23 24 27 28 29 30 31 0

81
1 2 3 4 5 6 7 8 9 10 11 12 13 14 15 16 17 18 19 20 21 22 23 24 25 26 27 28 29 30 31 32 33 34 35 37 38 39 40 41 42 43 44 45 46 47 48 49 50 51 52 53 54 55 56 57 58 59 60 61 62 63 64 65 66 67 70 71 72 73 74 75 76 77 78 79 80 81 82 83 84 85 86 87 88 89 90 92 93 94 96 97 98 100 101 102 103 104 106 107 108 109 110 111 112 114 115 117 118 119 120 121 122 123 124 126 128 129 130 131 132 133 134 135 136 137 138 139 140 142 143 144 145 146 147 148 149 150 154 155 156 157 158 161 163 164 165 166 167 168 169 170 171 172 173 175 176 177 178 180 181 183 184 185 188 189 190 191 192 193 194 195 196 197 198 199 200 203 204 205 206 207 209 210 211 212 213 214 216 219 220 221 222 225 226 227 228 229 230 231 232 233 234 235 236 237 238 239 240 243 244 245 246 247 248 252 253 254 0
1 2 4 6 7 8 10 12 13 14 15 16 17 18 20 21 22 23 24 25 26 27 28 29 30 31 32 0

82
1 2 4 5 8 9 10 14 15 16 17 18 21 22 23 25 26 27 30 32 33 34 36 37 38 40 41 42 43 44 45 48 49 50 51 53 56 57 58 59 60 61 62 63 64 66 67 68 70 71 72 73 74 75 76 78 79 80 81 82 84 85 86 88 89 90 92 93 94 95 96 98 99 100 104 105 106 107 108 111 112 113 114 115 116 118 120 121 122 123 124 126 127 128 130 131 132 133 135 136 138 139 140 141 142 143 144 145 146 147 149 150 152 153 154 155 156 157 158 159 160 161 162 163 165 166 168 169 170 171 173 174 176 178 179 180 181 182 183 184 186 188 189 190 191 192 193 194 195 196 197 198 199 200 202 204 205 206 207 208 210 212 213 214 215 217 221 222 223 225 226 227 229 230 232 234 235 236 237 238 239 240 241 242 243 244 245 246 247 249 250 251 252 253 254 255 256 0
1 2 3 4 5 6 7 8 9 13 14 15 16 17 18 19 20 21 22 23 24 25 28 29 0

83
1 2 3 4 5 6 7 8 9 10 11 12 13 14 15 16 17 18 19 20 21 22 23 24 25 26 27 28 29 30 31 32 33 34 35 37 38 39 40 41 42 43 44 45 46 47 48 49 50 51 52 53 54 55 56 57 58 59 60 61 62 63 64 65 66 67 68 69 70 71 73 74 77 78 79 80 81 82 83 85 86 87 88 89 90 93 94 95 96 97 98 99 100 101 102 103 104 106 107 108 109 110 111 112 113 114 115 116 117 118 120 121 122 123 124 127 128 129 130 131 132 133 134 136 138 139 140 141 142 143 144 145 146 147 149 151 152 154 155 156 157 158 159 160 162 163 164 165 166 167 168 169 170 171 172 173 175 176 177 179 180 181 183 184 186 187 188 189 190 191 192 193 194 195 196 197 198 199 200 201 202 203 204 205 206 207 208 209 211 212 213 215 217 218 220 221 222 223 224 226 227 228 229 230 231 232 233 234 235 236 237 238 239 240 241 242 243 244 245 246 247 248 251 252 253 254 255 0
1 2 3 4 6 7 8 9 12 13 14 15 16 18 21 22 23 25 28 29 30 31 0

84
1 2 3 4 5 6 7 8 9 10 11 12 13 14 16 17 18 20 21 23 25 26 27 28 29 30 31 32 33 34 35 36 37 38 39 40 41 42 44 45 46 47 48 49 50 51 52 54 55 56 57 59 61 62 63 64 66 67 68 69 70 71 72 75 76 77 79 80 81 82 83 84 85 88 89 90 92 93 96 97 98 99 100 102 104 105 106 107 108 109 110 112 113 115 116 117 119 120 121 124 125 126 127 128 131 132 133 135 136 137 138 139 140 141 142 143 144 145 146 147 148 150 152 153 154 155 156 157 158 160 161 162 163 164 168 169 170 171 172 173 175 176 177 178 179 180 181 183 184 186 187 188 189 190 191 192 193 194 195 196 197 198 199 200 203 204 205 206 207 208 211 212 213 214 215 216 217 218 219 220 223 224 226 227 228 229 230 231 233 234 235 236 238 239 240 241 242 243 244 245 246 247 249 250 251 252 253 255 0
1 4 6 9 11 15 18 19 20 21 23 25 0

85
1 2 3 4 5 6 7 8 9 10 11 12 13 14 15 16 17 18 19 20 21 22 23 24 25 26 27 28 29 30 31 32 33 34 35 36 37 39 40 41 42 43 44 45 46 47 48 49 50 51 52 53 54 55 56 57 58 59 60 61 62 63 64 65 66 67 68 69 70 71 72 73 74 75 76 77 79 80 82 83 84 86 87 88 89 90 91 92 93 94 95 96 97 98 99 101 102 103 104 105 106 107 108 109 110 111 112 114 115 116 117 118 119 120 121 124 126 127 128 129 130 131 134 135 136 137 138 139 141 143 144 145 146 148 149 150 151 152 153 155 157 158 159 160 161 163 165 166 168 169 170 172 175 176 177 179 181 182 183 184 185 189 190 191 192 193 194 195 196 197 198 199 200 201 202 203 204 205 206 209 210 211 212 215 217 219 223 224 225 227 228 229 230 232 233 235 236 237 238 240 241 242 243 244 245 248 249 250 251 252 253 254 255 256 0
1 2 4 6 12 18 19 21 22 0

86
1 2 4 5 6 7 8 9 10 11 14 15 17 18 19 20 21 22 23 24 25 26 27 28 30 31 32 33 34 35 36 37 39 40 41 42 43 44 45 46 47 48 49 51 52 53 54 55 56 57 58 59 60 61 62 63 64 66 67 68 69 70 71 72 73 74 75 79 80 82 84 88 89 90 91 92 94 96 97 99 100 101 102 105 106 109 111 112 114 115 116 117 119 120 121 122 123 124 125 126 127 128 129 130 131 132 133 134 135 137 138 139 140 141 142 143 144 146 147 148 149 151 152 154 155 156 157 159 160 162 163 164 165 166 167 168 169 170 172 174 175 176 177 178 179 180 181 182 183 184 185 186 187 188 189 191 192 193 194 195 196 197 198 199 200 201 202 204 205 206 207 208 209 210 211 212 213 215 216 217 218 219 220 221 222 225 226 227 228 229 230 232 233 234 235 236 237 238 239 240 241 242 243 244 245 246 247 248 250 252 253 254 256 0
1 2 4 5 6 7 8 11 12 18 21 24 25 26 28 29 30 0

87
1 2 3 4 5 6 7 8 9 11 12 13 14 15 16 17 18 19 20 21 22 23 24 25 26 27 28 29 30 31 32 33 34 35 36 37 38 39 40 41 42 43 44 45 46 47 48 49 50 51 52 53 54 55 56 57 58 59 60 61 62 63 64 65 66 67 68 69 70 71 72 73 74 75 76 77 78 80 81 84 85 86 87 88 89 91 92 93 94 95 96 97 98 99 100 102 103 105 106 107 108 110 111 112 113 114 117 119 120 122 126 128 129 130 132 133 134 135 136 137 138 142 143 144 145 147 148 149 150 151 152 155 158 160 161 162 164 166 168 170 171 172 173 174 176 177 183 184 188 189 190 191 192 193 194 195 196 197 198 199 200 201 202 203 204 205 206 207 208 211 212 215 216 222 223 224 226 227 228 229 230 232 236 237 238 241 242 243 248 249 250 251 254 256 0
3 4 5 6 7 12 15 17 18 19 21 25 27 0

88
1 2 3 4 5 6 7 8 9 10 11 12 13 14 15 16 17 18 19 20 21 22 23 24 25 26 27 28 29 30 31 32 33 34 35 36 37 38 39 40 41 43 44 45 46 47 48 49 51 52 53 54 55 56 57 58 59 60 61 62 63 64 65 66 67 68 69 70 71 72 73 76 77 80 81 83 84 85 86 87 88 89 90 91 93 94 96 97 98 99 100 101 102 103 104 106 107 109 110 111 112 113 114 117 118 119 120 121 122 123 124 125 126 127 128 129 130 131 133 134 135 136 139 140 141 142 143 144 146 147 148 149 151 152 153 154 155 156 157 159 160 162 164 165 166 167 168 169 170 171 172 173 174 176 178 182 183 184 185 186 187 191 192 193 194 195 196 197 198 199 200 201 202 204 205 208 209 210 212 213 214 215 216 217 220 221 222 223 224 225 226 227 228 229 232 233 235 236 237 239 240 244 245 246 247 248 249 250 251 252 253 254 255 0
1 3 4 5 6 7 8 10 11 12 14 15 18 19 21 24 27 28 30 31 32 0

89
1 2 3 4 5 6 7 8 9 10 11 12 13 14 16 17 18 19 20 21 22 23 24 25 26 27 28 29 30 31 32 33 34 35 36 37 38 39 40 41 42 43 44 45 46 47 48 49 50 51 52 53 54 55 56 57 58 59 60 61 62 63 64 65 66 67 68 69 70 71 72 73 75 77 78 79 80 81 82 83 84 87 88 89 90 91 92 93 95 96 97 98 99 100 101 102 103 104 105 106 107 108 109 110 111 112 113 114 115 116 118 120 121 122 123 124 126 128 130 131 134 135 137 138 139 141 142 143 144 145 146 148 150 151 152 153 154 155 156 157 158 159 160 161 162 163 164 165 169 170 171 172 173 174 175 176 177 179 183 184 185 186 187 189 192 193 194 195 196 197 198 199 200 201 202 203 206 207 208 209 213 214 215 217 219 220 222 223 224 225 227 228 229 230 232 233 234 235 236 238 239 240 241 243 244 245 246 248 249 251 254 0
3 4 5 6 7 8 11 12 15 17 18 19 20 21 22 26 28 29 32 0

90
1 2 3 4 5 6 7 8 9 10 11 12 13 14 15 16 17 18 19 20 21 23 24 25 26 27 28 29 30 31 32 33 34 35 36 37 38 39 40 41 42 43 45 46 47 48 49 50 51 52 53 54 55 56 57 58 59 60 61 62 63 64 65 66 67 68 69 70 71 72 73 74 75 76 77 78 79 80 81 82 83 84 86 87 88 89 90 91 93 94 95 96 97 98 99 100 101 104 105 107 109 110 111 112 114 115 118 119 120 121 123 127 128 129 130 131 132 134 135 136 141 143 144 145 148 149 150 152 153 154 157 158 159 160 161 162 165 166 168 169 171 173 174 176 177 178 179 181 184 185 186 187 189 190 191 192 193 194 195 196 197 198 199 200 202 204 205 206 207 208 210 212 213 214 215 217 219 222 223 224 225 226 228 232 233 234 237 239 240 241 242 245 246 248 249 251 253 256 0
1 2 3 4 6 9 10 12 15 16 18 21 22 27 28 29 30 31 32 0

91
1 2 3 4 5 6 7 8 9 10 11 12 13 14 15 16 17 18 19 20 21 22 23 24 25 26 27 28 29 30 31 32 33 34 35 36 37 38 39 40 41 42 43 44 45 46 47 48 49 50 51 52 53 54 55 56 57 58 59 60 61 62 63 64 65 66 67 68 69 70 71 72 73 74 75 76 77 78 79 80 81 84 85 86 87 88 90 92 93 94 95 96 97 98 99 100 102 103 104 105 106 107 109 110 112 113 115 119 120 121 122 123 124 125 126 127 128 129 130 131 132 133 134 135 136 137 138 139 140 141 142 143 144 145 146 147 150 151 152 153 154 155 156 158 159 160 161 162 163 164 165 166 167 168 169 170 171 172 173 174 175 176 178 180 181 182 183 184 185 186 188 189 190 191 192 193 194 195 196 197 198 199 200 201 202 206 207 208 209 210 211 212 213 214 215 216 217 218 219 220 222 223 224 225 228 230 231 232 233 234 236 237 238 239 240 241 242 243 244 245 246 247 248 249 250 251 252 253 254 255 256 0
1 4 6 7 8 11 14 15 18 19 20 21 27 29 30 0

92
1 2 3 4 5 6 7 8 9 10 11 12 13 14 15 16 17 18 19 20 21 22 23 24 25 26 27 28 30 31 32 33 34 35 36 38 39 40 41 42 43 45 46 47 48 49 50 51 52 53 54 55 56 57 58 59 60 61 62 63 64 65 66 67 68 70 71 72 73 75 76 77 79 80 81 82 83 84 85 86 88 89 90 91 92 93 94 95 96 97 98 99 100 101 102 103 104 106 107 109 110 111 112 113 114 115 117 118 119 120 121 123 126 127 128 129 131 132 133 134 136 138 139 140 141 144 145 146 147 149 150 152 153 154 155 156 157 158 159 160 161 162 163 164 165 166 167 168 170 172 173 174 175 176 177 179 180 181 182 183 184 188 189 190 191 192 193 194 195 196 197 198 199 200 201 203 204 205 206 207 209 210 211 212 213 214 215 216 218 219 221 222 223 224 225 226 227 228 229 231 232 233 234 235 236 237 238 239 240 242 243 244 245 246 248 250 251 252 253 254 255 0
2 3 4 5 6 7 8 9 10 11 13 14 15 16 17 18 19 20 21 22 23 24 25 27 28 29 30 32 0

93
1 2 3 4 5 6 7 8 9 10 11 12 13 14 16 17 18 19 20 22 24 25 26 28 30 31 32 33 35 36 38 39 40 41 42 43 44 45 46 47 48 49 50 51 52 53 54 55 56 57 58 59 60 61 62 64 65 66 67 68 69 70 71 72 73 74 75 76 77 78 79 80 81 82 83 84 85 86 88 89 90 91 92 93 94 95 96 97 98 99 100 101 102 103 104 105 106 107 109 110 111 112 113 114 115 116 117 120 121 122 124 125 126 128 129 130 131 132 133 134 135 136 137 139 140 141 142 143 144 145 146 147 148 151 152 154 156 159 160 161 162 163 165 166 167 168 169 170 172 173 174 175 176 177 179 180 181 182 184 185 186 187 188 190 191 192 193 194 195 196 197 198 199 200 201 202 203 204 205 206 208 209 210 212 213 214 215 216 217 218 219 220 221 222 223 224 225 226 227 228 229 230 231 232 233 235 236 237 239 240 241 242 243 244 245 246 247 248 249 250 251 252 253 254 255 256 0
3 4 6 7 8 9 10 11 14 15 16 17 18 20 21 23 24 25 27 28 29 30 31 32 0

94
1 2 3 4 5 6 7 8 9 10 11 12 13 14 15 16 17 18 19 20 21 22 23 24 25 26 27 28 29 30 31 32 33 34 35 36 37 38 39 40 41 42 43 44 45 46 47 48 49 50 51 52 53 54 55 57 58 59 60 61 62 63 64 65 66 67 69 70 71 72 73 74 75 76 77 78 79 80 81 82 83 86 87 88 89 90 91 92 95 96 97 99 100 101 102 103 104 105 106 107 108 109 110 111 112 113 114 115 116 117 118 119 120 121 122 124 125 126 127 128 129 131 132 133 134 135 136 137 138 139 140 141 142 144 145 146 147 148 149 150 151 152 153 154 155 157 158 159 160 161 162 163 164 168 169 170 171 172 175 176 178 179 181 182 183 184 185 186 187 189 190 191 192 193 194 195 196 197 198 199 200 201 202 203 204 206 207 208 209 210 212 213 214 215 216 217 222 224 225 226 228 230 231 232 233 234 235 237 238 239 240 241 242 243 244 246 247 248 249 250 251 252 254 255 256 0
1 2 4 5 6 7 9 10 11 13 14 16 17 18 20 21 22 23 25 26 27 28 29 30 32 0

95
1 2 3 4 5 6 7 8 9 10 11 12 14 15 16 17 19 20 21 22 23 24 25 26 27 28 30 31 32 33 34 35 36 37 38 39 40 41 42 43 44 45 46 47 48 49 50 51 52 53 54 55 56 57 58 59 60 61 62 63 64 65 66 67 69 72 73 74 75 77 78 79 80 81 82 84 85 86 87 88 89 90 91 92 93 94 95 96 97 98 99 100 101 103 104 108 109 110 111 112 113 114 115 117 118 119 120 122 125 126 128 129 130 131 132 133 134 135 136 137 138 140 141 142 143 144 145 147 148 151 152 153 154 158 159 163 165 166 168 170 171 172 173 175 176 177 178 179 181 183 184 186 189 190 191 192 193 194 195 196 197 198 199 200 201 202 203 204 205 206 207 208 209 211 212 213 214 215 216 217 219 224 225 227 228 229 230 231 232 233 234 235 236 237 239 243 245 246 248 249 251 252 253 254 0
2 4 6 7 10 11 18 21 27 28 31 32 0

96
1 2 3 4 5 6 7 8 9 10 11 12 13 15 16 17 18 19 20 21 23 24 25 26 27 28 29 30 32 33 34 35 36 37 38 40 41 44 45 46 47 48 49 53 54 55 56 57 58 59 60 61 62 63 64 65 66 67 68 69 70 72 73 74 75 77 78 79 80 81 82 83 84 85 86 87 88 89 90 91 92 93 94 95 96 97 98 100 101 102 103 104 105 106 108 109 110 112 113 114 115 117 120 121 122 123 124 125 127 128 129 131 132 133 134 135 140 142 143 144 145 147 148 149 151 152 153 154 155 156 157 159 160 163 164 166 167 168 170 172 173 174 175 176 183 184 185 186 187 188 189 190 191 192 193 194 195 196 197 198 199 200 201 202 203 204 205 206 207 208 209 210 211 212 213 214 215 216 217 218 219 221 222 224 226 227 229 230 231 232 233 234 235 238 239 240 241 242 244 245 246 248 250 251 253 254 255 256 0
2 4 5 6 7 8 9 10 11 12 14 17 18 21 22 24 25 27 28 29 31 32 0

97
1 2 3 4 5 6 7 8 9 10 11 12 13 14 15 16 17 18 19 20 21 22 23 24 25 26 27 28 29 30 31 32 33 35 36 37 38 39 40 41 42 43 44 45 46 47 48 49 50 51 52 53 54 55 56 57 58 59 60 61 62 63 64 65 66 67 68 69 70 71 72 73 74 75 76 77 78 79 80 81 82 83 85 86 87 88 89 90 91 92 93 95 96 97 98 99 100 101 102 103 104 105 106 107 108 110 111 112 114 115 120 121 123 124 125 126 127 128 129 130 131 132 133 134 136 137 139 140 141 144 145 146 147 150 151 152 153 154 155 158 160 161 162 163 164 166 168 169 170 171 172 173 174 176 177 178 179 180 181 182 183 184 185 186 187 188 189 190 191 192 193 194 195 196 197 198 199 200 201 202 203 204 205 206 207 208 209 210 211 213 215 216 217 218 219 220 222 224 225 226 227 228 229 230 233 235 236 237 238 240 241 243 247 251 252 253 254 255 0
4 6 7 9 11 12 15 16 18 19 20 21 25 27 28 0

98
1 2 3 4 5 6 7 8 9 10 11 12 13 14 16 17 18 19 20 21 22 23 24 25 26 27 28 29 30 31 32 33 34 35 36 37 38 39 40 41 42 43 44 45 46 47 48 49 50 51 52 53 54 56 57 58 59 60 61 62 63 64 65 66 67 68 69 70 71 72 73 74 75 78 79 80 81 82 83 84 85 88 89 90 91 92 93 96 97 98 100 102 103 104 107 108 109 110 111 112 113 114 115 116 117 118 120 121 122 123 124 126 127 128 129 130 131 132 135 136 139 141 143 144 145 146 147 149 150 151 152 154 155 156 157 159 160 162 163 166 167 168 169 170 171 172 173 177 178 180 183 184 185 186 187 189 191 192 193 194 195 196 197 198 199 200 201 202 203 204 206 207 208 209 210 212 213 214 215 217 218 219 220 221 222 224 225 226 227 229 232 235 236 239 240 241 242 243 244 245 248 252 253 254 255 256 0
1 4 5 6 11 12 13 14 16 18 20 21 22 25 27 28 30 0

99
1 2 3 4 5 6 7 8 9 11 12 13 14 15 16 17 18 19 20 21 22 23 24 25 26 27 28 29 30 31 32 33 34 35 36 37 38 39 40 41 42 43 44 46 47 48 49 50 51 52 53 54 55 56 57 58 59 60 61 62 63 64 65 66 67 68 69 70 71 72 73 75 76 77 78 79 80 81 82 83 85 86 87 88 89 90 93 94 95 96 97 98 100 101 102 103 104 105 106 107 109 110 111 113 114 115 116 118 120 121 122 124 125 127 128 131 132 133 134 136 137 138 139 140 141 142 143 144 145 146 147 148 151 152 153 154 156 157 158 160 161 162 164 165 166 168 169 170 172 174 175 176 177 178 179 181 184 186 187 189 190 192 193 194 195 196 197 198 199 200 201 202 203 204 205 206 207 208 210 212 213 215 218 221 224 228 229 230 232 233 234 237 238 239 240 241 242 243 244 245 246 247 248 249 250 251 252 253 254 255 256 0
1 2 3 4 6 9 10 12 16 18 19 20 21 22 24 30 0

100
1 2 3 4 5 6 7 8 9 10 12 14 15 16 17 18 22 23 24 25 26 27 29 30 32 33 34 36 38 39 40 41 42 43 44 45 46 47 48 49 52 53 55 56 57 58 59 60 61 62 63 64 66 67 68 69 70 71 72 74 75 76 77 78 80 81 82 83 84 87 88 89 90 92 93 94 96 97 98 99 100 103 104 105 106 108 111 112 113 114 116 119 120 121 122 123 124 125 126 128 129 130 132 133 134 136 137 138 139 140 141 142 144 145 146 147 148 149 150 151 152 153 154 155 156 157 158 160 161 162 163 164 165 166 168 169 170 171 172 173 174 176 178 179 180 181 182 184 185 186 190 192 193 194 195 196 197 198 199 200 201 202 203 204 205 206 207 208 209 210 212 213 214 215 217 219 221 222 223 224 225 226 232 234 235 236 237 238 239 240 241 242 243 244 245 246 247 249 250 251 252 253 256 0
1 2 3 4 5 6 7 8 9 11 13 14 16 17 18 19 20 21 22 23 24 25 28 29 30 0

