Dataset size: 100
Number of variables: 3072
Limited number of samples: 1
------------------------------------------------------------

sample [1/100]: 1,1,1,0.984314,0.780392,0.784314,0.831373,0.819608,0.819608,0.827451,0.835294,0.85098,0.854902,0.854902,0.862745,0.866667,0.870588,0.87451,0.87451,0.87451,0.870588,0.866667,0.858824,0.854902,0.843137,0.835294,0.85098,0.807843,0.752941,0.956863,1,1,1,0.992157,1,0.937255,0.737255,0.933333,0.960784,0.941176,0.937255,0.945098,0.941176,0.92549,0.905882,0.886275,0.87451,0.862745,0.858824,0.870588,0.886275,0.878431,0.87451,0.894118,0.92549,0.960784,0.945098,0.933333,0.894118,0.721569,0.623529,0.937255,1,1,1,0.996078,0.992157,0.980392,0.929412,0.972549,0.976471,0.968627,0.94902,0.976471,0.690196,0.466667,0.494118,0.47451,0.486275,0.423529,0.388235,0.290196,0.34902,0.419608,0.470588,0.384314,0.478431,0.945098,0.956863,0.917647,0.792157,0.572549,0.733333,1,0.992157,1,1,0.996078,0.996078,0.984314,0.901961,0.960784,0.988235,0.980392,0.964706,0.988235,0.705882,0.470588,0.560784,0.576471,0.568627,0.572549,0.572549,0.505882,0.498039,0.541176,0.552941,0.427451,0.52549,0.945098,0.945098,0.890196,0.72549,0.560784,0.752941,1,0.996078,1,1,0.996078,1,0.988235,0.92549,0.972549,0.988235,0.984314,0.984314,0.988235,0.984314,0.984314,0.992157,1,0.996078,1,1,1,1,1,0.988235,0.996078,0.992157,0.960784,0.937255,0.909804,0.803922,0.666667,0.811765,0.996078,0.992157,1,1,0.996078,1,0.992157,0.952941,0.972549,0.976471,0.964706,0.858824,0.576471,0.607843,0.682353,0.721569,0.72549,0.698039,0.690196,0.690196,0.690196,0.698039,0.760784,0.811765,0.764706,0.717647,0.921569,0.937255,0.945098,0.858824,0.627451,0.784314,1,0.992157,1,1,0.996078,0.996078,0.992157,0.913725,0.8,0.862745,0.92549,0.788235,0.596078,0.682353,0.737255,0.694118,0.670588,0.67451,0.67451,0.65098,0.666667,0.670588,0.721569,0.780392,0.717647,0.717647,0.913725,0.917647,0.878431,0.803922,0.658824,0.780392,1,0.992157,1,1,0.996078,0.992157,0.992157,0.905882,0.85098,0.92549,0.964706,0.929412,0.996078,1,1,1,1,1,0.980392,1,1,1,1,1,0.992157,0.92549,0.945098,0.960784,0.898039,0.827451,0.717647,0.65098,0.94902,1,1,1,0.996078,0.992157,0.760784,0.643137,0.643137,0.607843,0.556863,0.486275,0.568627,0.568627,0.556863,0.552941,0.54902,0.52549,0.486275,0.521569,0.521569,0.521569,0.529412,0.52549,0.517647,0.447059,0.482353,0.529412,0.556863,0.490196,0.47451,0.623529,0.929412,1,1,1,1,0.980392,0.498039,0.447059,0.431373,0.243137,0.211765,0.2,0.192157,0.188235,0.176471,0.172549,0.164706,0.160784,0.152941,0.133333,0.129412,0.12549,0.121569,0.117647,0.121569,0.12549,0.101961,0.145098,0.301961,0.235294,0.192157,0.517647,0.835294,1,1,1,0.996078,0.984314,0.466667,0.235294,0.235294,0.180392,0.160784,0.152941,0.152941,0.156863,0.156863,0.141176,0.129412,0.133333,0.137255,0.113725,0.113725,0.117647,0.109804,0.105882,0.105882,0.109804,0.105882,0.109804,0.0862745,0.0705882,0.152941,0.368627,0.588235,0.823529,0.972549,1,1,0.996078,0.580392,0.556863,0.541176,0.45098,0.372549,0.345098,0.341176,0.298039,0.266667,0.25098,0.239216,0.239216,0.243137,0.215686,0.2,0.184314,0.176471,0.176471,0.168627,0.168627,0.196078,0.211765,0.172549,0.121569,0.207843,0.533333,0.67451,0.156863,0.505882,0.984314,0.898039,0.764706,0.443137,0.556863,0.596078,0.482353,0.392157,0.364706,0.32549,0.278431,0.27451,0.266667,0.258824,0.243137,0.239216,0.235294,0.227451,0.215686,0.215686,0.211765,0.203922,0.203922,0.227451,0.243137,0.215686,0.168627,0.2,0.384314,0.54902,0.176471,0.494118,0.580392,0.454902,0.615686,0.423529,0.501961,0.556863,0.419608,0.439216,0.403922,0.333333,0.27451,0.266667,0.270588,0.27451,0.27451,0.294118,0.305882,0.305882,0.301961,0.290196,0.266667,0.231373,0.235294,0.266667,0.239216,0.235294,0.196078,0.258824,0.439216,0.47451,0.121569,0.54902,0.32549,0.294118,0.654902,0.447059,0.458824,0.556863,0.435294,0.45098,0.427451,0.4,0.360784,0.333333,0.34902,0.376471,0.388235,0.411765,0.427451,0.384314,0.352941,0.337255,0.317647,0.282353,0.286275,0.282353,0.227451,0.294118,0.329412,0.270588,0.490196,0.541176,0.0470588,0.270588,0.215686,0.258824,0.596078,0.368627,0.403922,0.552941,0.521569,0.509804,0.498039,0.494118,0.494118,0.490196,0.501961,0.490196,0.482353,0.45098,0.411765,0.388235,0.380392,0.341176,0.34902,0.360784,0.34902,0.305882,0.282353,0.439216,0.423529,0.219608,0.403922,0.517647,0.0352941,0.239216,0.243137,0.223529,0.321569,0.329412,0.494118,0.529412,0.537255,0.509804,0.494118,0.478431,0.556863,0.741176,0.717647,0.505882,0.34902,0.247059,0.172549,0.184314,0.160784,0.247059,0.670588,0.803922,0.827451,0.572549,0.368627,0.443137,0.368627,0.196078,0.32549,0.431373,0.101961,0.388235,0.847059,0.588235,0.52549,0.631373,0.65098,0.486275,0.403922,0.403922,0.321569,0.270588,0.32549,0.368627,0.356863,0.27451,0.243137,0.239216,0.243137,0.27451,0.231373,0.231373,0.462745,0.501961,0.556863,0.388235,0.243137,0.380392,0.47451,0.486275,0.419608,0.486275,0.776471,0.913725,1,0.988235,0.956863,0.976471,0.94902,0.623529,0.337255,0.298039,0.286275,0.34902,0.368627,0.431373,0.490196,0.462745,0.470588,0.466667,0.454902,0.462745,0.419608,0.290196,0.25098,0.227451,0.207843,0.203922,0.235294,0.690196,0.870588,0.733333,0.596078,0.901961,1,1,1,0.976471,0.937255,0.972549,1,0.666667,0.227451,0.168627,0.270588,0.388235,0.317647,0.435294,0.603922,0.533333,0.556863,0.552941,0.545098,0.580392,0.513725,0.270588,0.227451,0.231373,0.156863,0.160784,0.294118,0.835294,0.886275,0.670588,0.509804,0.768627,0.996078,1,1,0.937255,0.886275,0.956863,0.972549,0.815686,0.576471,0.564706,0.588235,0.588235,0.556863,0.541176,0.537255,0.537255,0.529412,0.521569,0.517647,0.52549,0.521569,0.529412,0.541176,0.568627,0.568627,0.52549,0.607843,0.882353,0.882353,0.760784,0.505882,0.47451,0.972549,1,1,0.968627,0.8,0.54902,0.92549,0.796078,0.423529,0.423529,0.423529,0.419608,0.403922,0.392157,0.388235,0.388235,0.392157,0.392157,0.388235,0.384314,0.388235,0.388235,0.388235,0.435294,0.513725,0.388235,0.52549,0.866667,0.65098,0.435294,0.537255,0.576471,0.980392,1,1,0.992157,0.784314,0.376471,0.937255,0.894118,0.501961,0.466667,0.482353,0.478431,0.462745,0.462745,0.462745,0.458824,0.454902,0.454902,0.45098,0.45098,0.45098,0.454902,0.466667,0.466667,0.470588,0.439216,0.6,0.870588,0.576471,0.243137,0.482353,0.584314,0.984314,1,1,0.976471,0.780392,0.545098,0.85098,0.835294,0.541176,0.498039,0.509804,0.501961,0.494118,0.505882,0.513725,0.505882,0.482353,0.482353,0.47451,0.478431,0.478431,0.482353,0.490196,0.494118,0.490196,0.458824,0.6,0.85098,0.694118,0.447059,0.411765,0.537255,0.984314,1,1,0.909804,0.427451,0.329412,0.396078,0.458824,0.458824,0.505882,0.505882,0.52549,0.521569,0.517647,0.517647,0.517647,0.505882,0.490196,0.509804,0.505882,0.501961,0.501961,0.501961,0.494118,0.482353,0.466667,0.356863,0.317647,0.278431,0.223529,0.117647,0.54902,0.996078,1,1,0.886275,0.403922,0.329412,0.427451,0.345098,0.376471,0.564706,0.568627,0.533333,0.482353,0.482353,0.478431,0.482353,0.47451,0.462745,0.482353,0.482353,0.478431,0.47451,0.498039,0.556863,0.568627,0.505882,0.270588,0.223529,0.227451,0.176471,0.129412,0.458824,0.976471,1,1,0.92549,0.513725,0.47451,0.627451,0.615686,0.513725,0.556863,0.584314,0.505882,0.372549,0.368627,0.364706,0.356863,0.356863,0.356863,0.34902,0.345098,0.345098,0.337255,0.396078,0.552941,0.580392,0.447059,0.494118,0.592157,0.509804,0.415686,0.184314,0.364706,0.960784,1,1,0.952941,0.368627,0.184314,0.376471,0.490196,0.45098,0.435294,0.443137,0.435294,0.439216,0.443137,0.439216,0.443137,0.443137,0.439216,0.447059,0.447059,0.45098,0.462745,0.458824,0.447059,0.454902,0.396078,0.313725,0.321569,0.247059,0.203922,0.0666667,0.333333,0.960784,1,1,0.913725,0.290196,0.152941,0.235294,0.243137,0.254902,0.247059,0.254902,0.239216,0.219608,0.215686,0.372549,0.419608,0.392157,0.419608,0.368627,0.384314,0.305882,0.188235,0.2,0.2,0.203922,0.2,0.223529,0.196078,0.160784,0.12549,0.0509804,0.223529,0.898039,1,1,0.94902,0.411765,0.145098,0.133333,0.113725,0.141176,0.113725,0.121569,0.129412,0.121569,0.129412,0.376471,0.470588,0.443137,0.486275,0.431373,0.439216,0.286275,0.113725,0.129412,0.129412,0.121569,0.117647,0.137255,0.14902,0.117647,0.0862745,0.054902,0.168627,0.85098,1,1,1,0.894118,0.278431,0.0823529,0.196078,0.219608,0.270588,0.301961,0.294118,0.298039,0.298039,0.298039,0.298039,0.301961,0.301961,0.309804,0.305882,0.321569,0.329412,0.309804,0.301961,0.301961,0.301961,0.254902,0.0784314,0.0431373,0.0431373,0.109804,0.607843,0.968627,1,1,1,1,0.4,0.0509804,0.243137,0.615686,0.941176,0.964706,0.964706,0.964706,0.964706,0.964706,0.964706,0.964706,0.964706,0.964706,0.964706,0.968627,0.972549,0.968627,0.964706,0.964706,0.964706,0.901961,0.372549,0.054902,0.027451,0.168627,0.862745,1,1,1,1,1,0.984314,0.772549,0.776471,0.827451,0.811765,0.811765,0.819608,0.839216,0.85098,0.854902,0.854902,0.858824,0.858824,0.862745,0.866667,0.866667,0.866667,0.862745,0.862745,0.854902,0.85098,0.839216,0.831373,0.847059,0.803922,0.745098,0.956863,1,1,1,0.992157,1,0.937255,0.733333,0.929412,0.960784,0.941176,0.941176,0.945098,0.87451,0.85098,0.835294,0.811765,0.831373,0.886275,0.890196,0.894118,0.898039,0.890196,0.886275,0.913725,0.933333,0.94902,0.945098,0.929412,0.894118,0.713725,0.611765,0.937255,1,1,1,0.996078,0.992157,0.980392,0.929412,0.968627,0.976471,0.964706,0.960784,0.870588,0.490196,0.509804,0.529412,0.509804,0.552941,0.537255,0.509804,0.443137,0.494118,0.537255,0.556863,0.478431,0.54902,0.945098,0.952941,0.913725,0.784314,0.556863,0.721569,1,0.992157,1,1,0.996078,0.996078,0.984314,0.898039,0.960784,0.988235,0.976471,0.976471,0.8,0.431373,0.470588,0.509804,0.486275,0.552941,0.65098,0.643137,0.584314,0.580392,0.623529,0.623529,0.513725,0.596078,0.952941,0.941176,0.882353,0.713725,0.54902,0.745098,1,0.992157,1,1,0.996078,1,0.988235,0.921569,0.972549,0.988235,0.984314,0.984314,0.92549,0.854902,0.870588,0.882353,0.882353,0.933333,1,1,1,1,0.996078,0.988235,1,0.980392,0.94902,0.933333,0.905882,0.796078,0.654902,0.803922,0.996078,0.992157,1,1,0.996078,1,0.992157,0.94902,0.972549,0.976471,0.964706,0.854902,0.568627,0.619608,0.705882,0.741176,0.741176,0.705882,0.690196,0.682353,0.686275,0.698039,0.760784,0.815686,0.764706,0.705882,0.92549,0.933333,0.941176,0.85098,0.615686,0.776471,1,0.992157,1,1,0.996078,0.996078,0.992157,0.909804,0.796078,0.858824,0.92549,0.780392,0.584314,0.682353,0.737255,0.690196,0.666667,0.67451,0.67451,0.654902,0.666667,0.666667,0.717647,0.776471,0.713725,0.709804,0.909804,0.913725,0.87451,0.796078,0.647059,0.772549,1,0.992157,1,1,0.996078,0.996078,0.996078,0.901961,0.847059,0.921569,0.968627,0.933333,1,1,1,1,1,1,0.980392,1,1,1,1,1,1,0.929412,0.945098,0.960784,0.894118,0.815686,0.709804,0.647059,0.94902,1,1,1,0.996078,0.992157,0.772549,0.647059,0.639216,0.6,0.556863,0.482353,0.568627,0.568627,0.556863,0.54902,0.541176,0.521569,0.482353,0.513725,0.517647,0.513725,0.52549,0.521569,0.513725,0.439216,0.47451,0.52549,0.560784,0.490196,0.47451,0.623529,0.929412,1,1,1,1,0.980392,0.498039,0.45098,0.431373,0.231373,0.2,0.188235,0.184314,0.176471,0.164706,0.168627,0.164706,0.160784,0.156863,0.133333,0.12549,0.117647,0.113725,0.109804,0.109804,0.117647,0.0941176,0.137255,0.301961,0.231373,0.184314,0.513725,0.831373,1,1,1,0.996078,0.988235,0.466667,0.231373,0.227451,0.172549,0.156863,0.14902,0.14902,0.14902,0.152941,0.14902,0.141176,0.141176,0.137255,0.113725,0.109804,0.109804,0.105882,0.0980392,0.0980392,0.101961,0.101961,0.101961,0.0784314,0.0588235,0.145098,0.368627,0.580392,0.827451,0.976471,1,1,0.996078,0.580392,0.552941,0.529412,0.439216,0.372549,0.34902,0.341176,0.301961,0.266667,0.25098,0.239216,0.235294,0.235294,0.207843,0.2,0.184314,0.180392,0.176471,0.168627,0.168627,0.196078,0.215686,0.172549,0.117647,0.207843,0.537255,0.67451,0.156863,0.501961,0.980392,0.886275,0.760784,0.435294,0.552941,0.584314,0.470588,0.384314,0.356863,0.321569,0.282353,0.270588,0.270588,0.262745,0.247059,0.243137,0.235294,0.227451,0.215686,0.211765,0.207843,0.203922,0.203922,0.227451,0.247059,0.219608,0.168627,0.203922,0.380392,0.54902,0.176471,0.490196,0.576471,0.443137,0.603922,0.419608,0.498039,0.545098,0.407843,0.435294,0.4,0.333333,0.278431,0.266667,0.270588,0.27451,0.278431,0.298039,0.309804,0.309804,0.301961,0.290196,0.266667,0.227451,0.231373,0.266667,0.239216,0.239216,0.2,0.262745,0.439216,0.470588,0.117647,0.54902,0.317647,0.294118,0.65098,0.439216,0.454902,0.545098,0.423529,0.447059,0.423529,0.403922,0.364706,0.337255,0.345098,0.372549,0.384314,0.407843,0.423529,0.376471,0.341176,0.32549,0.309804,0.27451,0.27451,0.270588,0.211765,0.298039,0.337255,0.278431,0.482353,0.529412,0.0313725,0.266667,0.223529,0.270588,0.592157,0.352941,0.396078,0.541176,0.513725,0.505882,0.494118,0.494118,0.490196,0.486275,0.498039,0.490196,0.482353,0.45098,0.407843,0.384314,0.376471,0.329412,0.337255,0.34902,0.337255,0.290196,0.270588,0.447059,0.431373,0.223529,0.392157,0.513725,0.0235294,0.239216,0.239216,0.227451,0.329412,0.321569,0.486275,0.517647,0.529412,0.501961,0.490196,0.470588,0.54902,0.741176,0.717647,0.494118,0.345098,0.247059,0.168627,0.188235,0.160784,0.243137,0.662745,0.796078,0.823529,0.564706,0.364706,0.443137,0.368627,0.192157,0.321569,0.435294,0.0980392,0.380392,0.847059,0.592157,0.533333,0.627451,0.643137,0.47451,0.392157,0.403922,0.317647,0.262745,0.321569,0.364706,0.352941,0.266667,0.239216,0.231373,0.231373,0.27451,0.235294,0.223529,0.454902,0.498039,0.552941,0.392157,0.243137,0.368627,0.466667,0.482353,0.415686,0.486275,0.780392,0.913725,1,0.992157,0.960784,0.972549,0.945098,0.619608,0.329412,0.298039,0.290196,0.34902,0.364706,0.435294,0.486275,0.454902,0.466667,0.470588,0.454902,0.454902,0.419608,0.290196,0.25098,0.223529,0.203922,0.211765,0.235294,0.686275,0.870588,0.72549,0.584314,0.898039,1,1,1,0.976471,0.937255,0.972549,1,0.662745,0.215686,0.160784,0.27451,0.384314,0.305882,0.431373,0.596078,0.521569,0.54902,0.545098,0.537255,0.576471,0.517647,0.27451,0.227451,0.231373,0.156863,0.168627,0.294118,0.831373,0.882353,0.662745,0.501961,0.768627,1,1,1,0.937255,0.886275,0.956863,0.968627,0.815686,0.576471,0.564706,0.592157,0.588235,0.54902,0.533333,0.529412,0.52549,0.52549,0.521569,0.517647,0.521569,0.517647,0.529412,0.541176,0.572549,0.568627,0.52549,0.607843,0.886275,0.870588,0.752941,0.501961,0.470588,0.972549,1,1,0.972549,0.803922,0.545098,0.929412,0.803922,0.431373,0.423529,0.423529,0.419608,0.403922,0.396078,0.392157,0.388235,0.392157,0.392157,0.388235,0.388235,0.388235,0.388235,0.392157,0.439216,0.513725,0.380392,0.517647,0.862745,0.639216,0.431373,0.541176,0.580392,0.980392,1,1,0.992157,0.784314,0.372549,0.937255,0.898039,0.513725,0.466667,0.478431,0.482353,0.470588,0.466667,0.470588,0.466667,0.462745,0.466667,0.462745,0.462745,0.462745,0.458824,0.462745,0.462745,0.470588,0.439216,0.6,0.862745,0.568627,0.231373,0.478431,0.580392,0.984314,1,1,0.968627,0.768627,0.541176,0.85098,0.839216,0.545098,0.490196,0.501961,0.498039,0.490196,0.501961,0.505882,0.501961,0.482353,0.486275,0.478431,0.478431,0.482353,0.478431,0.482353,0.486275,0.486275,0.462745,0.6,0.839216,0.690196,0.447059,0.407843,0.533333,0.988235,1,1,0.909804,0.423529,0.329412,0.403922,0.462745,0.462745,0.509804,0.505882,0.521569,0.509804,0.509804,0.517647,0.513725,0.505882,0.490196,0.513725,0.509804,0.505882,0.501961,0.501961,0.498039,0.486275,0.47451,0.356863,0.313725,0.286275,0.215686,0.113725,0.556863,1,1,1,0.890196,0.403922,0.32549,0.423529,0.333333,0.364706,0.564706,0.568627,0.533333,0.478431,0.47451,0.482353,0.486275,0.478431,0.466667,0.486275,0.490196,0.486275,0.47451,0.494118,0.556863,0.572549,0.501961,0.258824,0.223529,0.223529,0.156863,0.121569,0.458824,0.976471,1,1,0.92549,0.509804,0.47451,0.627451,0.619608,0.509804,0.54902,0.580392,0.501961,0.368627,0.360784,0.364706,0.356863,0.352941,0.356863,0.34902,0.34902,0.34902,0.333333,0.384314,0.545098,0.576471,0.439216,0.486275,0.592157,0.505882,0.411765,0.188235,0.364706,0.960784,1,1,0.94902,0.368627,0.188235,0.368627,0.482353,0.443137,0.427451,0.435294,0.435294,0.447059,0.447059,0.435294,0.435294,0.435294,0.435294,0.443137,0.439216,0.443137,0.458824,0.466667,0.454902,0.462745,0.4,0.313725,0.321569,0.243137,0.196078,0.0666667,0.337255,0.964706,1,1,0.909804,0.282353,0.14902,0.231373,0.243137,0.254902,0.243137,0.25098,0.235294,0.219608,0.215686,0.372549,0.419608,0.388235,0.419608,0.364706,0.384314,0.301961,0.180392,0.196078,0.196078,0.203922,0.2,0.223529,0.196078,0.160784,0.113725,0.0509804,0.227451,0.898039,1,1,0.94902,0.396078,0.145098,0.129412,0.109804,0.137255,0.113725,0.121569,0.129412,0.121569,0.129412,0.380392,0.478431,0.439216,0.482353,0.423529,0.447059,0.286275,0.101961,0.117647,0.117647,0.117647,0.121569,0.137255,0.145098,0.113725,0.0823529,0.054902,0.168627,0.85098,1,1,1,0.894118,0.278431,0.0745098,0.188235,0.211765,0.270588,0.305882,0.301961,0.305882,0.301961,0.301961,0.301961,0.305882,0.301961,0.305882,0.305882,0.313725,0.32549,0.309804,0.301961,0.305882,0.309804,0.254902,0.0705882,0.0352941,0.0431373,0.105882,0.603922,0.968627,1,1,1,1,0.407843,0.0509804,0.235294,0.615686,0.941176,0.968627,0.968627,0.968627,0.968627,0.964706,0.964706,0.968627,0.964706,0.964706,0.964706,0.968627,0.972549,0.968627,0.964706,0.964706,0.968627,0.905882,0.368627,0.0431373,0.0235294,0.164706,0.858824,1,1,1,1,1,0.988235,0.823529,0.819608,0.858824,0.858824,0.858824,0.866667,0.878431,0.890196,0.898039,0.901961,0.894118,0.886275,0.886275,0.890196,0.894118,0.890196,0.886275,0.886275,0.882353,0.878431,0.870588,0.862745,0.87451,0.839216,0.788235,0.952941,1,1,1,0.992157,1,0.937255,0.760784,0.933333,0.960784,0.94902,0.94902,0.945098,0.831373,0.796078,0.8,0.811765,0.843137,0.921569,0.933333,0.92549,0.933333,0.921569,0.92549,0.92549,0.933333,0.94902,0.945098,0.945098,0.901961,0.764706,0.682353,0.933333,1,1,1,0.996078,0.992157,0.980392,0.945098,0.968627,0.980392,0.972549,0.976471,0.776471,0.517647,0.776471,0.745098,0.764706,0.784314,0.811765,0.839216,0.835294,0.823529,0.815686,0.815686,0.803922,0.835294,0.952941,0.94902,0.937255,0.827451,0.65098,0.788235,1,0.996078,1,1,0.996078,0.996078,0.988235,0.917647,0.968627,0.988235,0.976471,0.988235,0.666667,0.411765,0.698039,0.67451,0.658824,0.729412,0.87451,0.894118,0.882353,0.890196,0.87451,0.858824,0.839216,0.858824,0.945098,0.952941,0.913725,0.780392,0.639216,0.792157,0.996078,0.992157,1,1,1,1,0.988235,0.937255,0.984314,0.988235,0.980392,0.984314,0.882353,0.752941,0.760784,0.807843,0.803922,0.878431,0.984314,0.996078,0.988235,0.984314,0.984314,0.984314,0.976471,0.956863,0.964706,0.952941,0.92549,0.85098,0.72549,0.843137,0.992157,0.992157,1,1,0.996078,1,0.992157,0.956863,0.976471,0.972549,0.956863,0.882353,0.678431,0.717647,0.768627,0.807843,0.807843,0.772549,0.752941,0.745098,0.74902,0.756863,0.803922,0.85098,0.815686,0.756863,0.929412,0.945098,0.952941,0.886275,0.690196,0.819608,1,0.992157,1,1,0.996078,0.996078,0.992157,0.929412,0.823529,0.882353,0.929412,0.819608,0.67451,0.752941,0.788235,0.760784,0.741176,0.74902,0.74902,0.72549,0.737255,0.741176,0.780392,0.819608,0.764706,0.760784,0.929412,0.933333,0.898039,0.835294,0.721569,0.819608,1,0.992157,1,1,0.996078,0.988235,0.988235,0.913725,0.858824,0.921569,0.956863,0.92549,0.984314,1,1,1,1,0.992157,0.972549,0.988235,0.996078,1,1,0.992157,0.980392,0.92549,0.94902,0.956863,0.913725,0.854902,0.772549,0.709804,0.952941,1,1,1,0.996078,0.988235,0.796078,0.705882,0.713725,0.690196,0.654902,0.6,0.67451,0.670588,0.662745,0.662745,0.662745,0.643137,0.603922,0.635294,0.643137,0.639216,0.647059,0.643137,0.639216,0.584314,0.615686,0.647059,0.658824,0.611765,0.611765,0.701961,0.937255,1,1,1,1,0.980392,0.596078,0.568627,0.568627,0.427451,0.411765,0.411765,0.411765,0.403922,0.396078,0.4,0.396078,0.392157,0.388235,0.372549,0.376471,0.368627,0.372549,0.372549,0.372549,0.384314,0.356863,0.380392,0.490196,0.45098,0.411765,0.619608,0.858824,1,1,1,0.996078,0.972549,0.588235,0.431373,0.454902,0.419608,0.407843,0.403922,0.4,0.4,0.403922,0.407843,0.4,0.396078,0.403922,0.396078,0.392157,0.392157,0.388235,0.388235,0.388235,0.384314,0.380392,0.380392,0.364706,0.368627,0.403922,0.513725,0.654902,0.843137,0.964706,1,1,0.984314,0.678431,0.647059,0.631373,0.572549,0.52549,0.505882,0.509804,0.478431,0.45098,0.45098,0.443137,0.439216,0.45098,0.435294,0.423529,0.411765,0.411765,0.415686,0.403922,0.396078,0.419608,0.431373,0.419608,0.388235,0.431373,0.635294,0.72549,0.372549,0.619608,0.976471,0.909804,0.796078,0.576471,0.639216,0.670588,0.588235,0.517647,0.501961,0.486275,0.462745,0.462745,0.458824,0.447059,0.435294,0.431373,0.427451,0.427451,0.427451,0.435294,0.431373,0.427451,0.415686,0.435294,0.443137,0.427451,0.407843,0.419608,0.541176,0.639216,0.4,0.603922,0.658824,0.576471,0.701961,0.552941,0.603922,0.65098,0.541176,0.556863,0.533333,0.494118,0.458824,0.458824,0.458824,0.462745,0.458824,0.47451,0.482353,0.47451,0.478431,0.47451,0.458824,0.443137,0.439216,0.462745,0.439216,0.447059,0.411765,0.458824,0.568627,0.6,0.380392,0.654902,0.486275,0.482353,0.741176,0.572549,0.572549,0.65098,0.560784,0.576471,0.552941,0.537255,0.513725,0.498039,0.498039,0.521569,0.529412,0.545098,0.560784,0.521569,0.505882,0.501961,0.478431,0.45098,0.462745,0.466667,0.439216,0.478431,0.498039,0.470588,0.603922,0.654902,0.34902,0.478431,0.415686,0.458824,0.701961,0.533333,0.537255,0.647059,0.623529,0.615686,0.607843,0.596078,0.592157,0.6,0.607843,0.6,0.588235,0.572549,0.556863,0.52549,0.529412,0.498039,0.501961,0.505882,0.501961,0.47451,0.462745,0.576471,0.564706,0.443137,0.564706,0.627451,0.333333,0.458824,0.423529,0.423529,0.486275,0.482353,0.607843,0.627451,0.623529,0.6,0.596078,0.584314,0.639216,0.792157,0.776471,0.623529,0.509804,0.458824,0.415686,0.431373,0.423529,0.45098,0.737255,0.843137,0.854902,0.662745,0.517647,0.568627,0.517647,0.411765,0.501961,0.568627,0.34902,0.537255,0.878431,0.682353,0.631373,0.698039,0.713725,0.588235,0.529412,0.541176,0.486275,0.458824,0.501961,0.52549,0.52549,0.462745,0.435294,0.439216,0.454902,0.466667,0.439216,0.439216,0.588235,0.619608,0.654902,0.537255,0.439216,0.52549,0.596078,0.607843,0.552941,0.588235,0.819608,0.933333,1,0.988235,0.956863,0.972549,0.94902,0.694118,0.505882,0.498039,0.47451,0.513725,0.52549,0.560784,0.607843,0.6,0.6,0.588235,0.576471,0.580392,0.545098,0.466667,0.443137,0.431373,0.427451,0.423529,0.431373,0.764706,0.901961,0.788235,0.670588,0.921569,1,1,1,0.976471,0.933333,0.972549,1,0.741176,0.431373,0.407843,0.454902,0.537255,0.47451,0.552941,0.682353,0.635294,0.65098,0.65098,0.635294,0.658824,0.627451,0.466667,0.439216,0.45098,0.396078,0.4,0.482353,0.854902,0.905882,0.741176,0.603922,0.807843,0.996078,1,1,0.945098,0.894118,0.960784,0.968627,0.854902,0.682353,0.682353,0.686275,0.682353,0.666667,0.65098,0.643137,0.65098,0.647059,0.65098,0.643137,0.639216,0.635294,0.647059,0.65098,0.670588,0.670588,0.631373,0.698039,0.901961,0.898039,0.796078,0.603922,0.584314,0.976471,1,1,0.964706,0.827451,0.611765,0.933333,0.847059,0.564706,0.572549,0.572549,0.572549,0.556863,0.54902,0.54902,0.545098,0.54902,0.54902,0.545098,0.541176,0.541176,0.545098,0.54902,0.580392,0.631373,0.54902,0.635294,0.882353,0.709804,0.545098,0.631373,0.658824,0.980392,1,1,0.988235,0.807843,0.486275,0.941176,0.905882,0.619608,0.603922,0.615686,0.615686,0.603922,0.6,0.596078,0.596078,0.588235,0.588235,0.584314,0.588235,0.588235,0.592157,0.611765,0.603922,0.6,0.576471,0.686275,0.882353,0.666667,0.419608,0.592157,0.654902,0.984314,1,1,0.972549,0.803922,0.623529,0.882353,0.87451,0.639216,0.619608,0.631373,0.623529,0.611765,0.623529,0.631373,0.623529,0.607843,0.607843,0.603922,0.603922,0.607843,0.607843,0.611765,0.615686,0.607843,0.588235,0.67451,0.87451,0.760784,0.560784,0.537255,0.643137,0.988235,1,1,0.921569,0.545098,0.494118,0.54902,0.6,0.588235,0.631373,0.623529,0.627451,0.619608,0.619608,0.627451,0.623529,0.619608,0.603922,0.623529,0.619608,0.615686,0.615686,0.611765,0.615686,0.615686,0.6,0.521569,0.498039,0.470588,0.443137,0.356863,0.658824,0.992157,1,1,0.909804,0.552941,0.494118,0.576471,0.517647,0.521569,0.67451,0.658824,0.643137,0.611765,0.623529,0.623529,0.623529,0.611765,0.6,0.619608,0.623529,0.615686,0.615686,0.615686,0.658824,0.666667,0.627451,0.458824,0.439216,0.439216,0.411765,0.388235,0.592157,0.980392,1,1,0.937255,0.623529,0.592157,0.705882,0.678431,0.619608,0.654902,0.662745,0.639216,0.533333,0.537255,0.537255,0.533333,0.529412,0.529412,0.521569,0.517647,0.517647,0.513725,0.545098,0.658824,0.662745,0.568627,0.6,0.670588,0.615686,0.54902,0.403922,0.52549,0.968627,1,1,0.960784,0.533333,0.411765,0.529412,0.6,0.576471,0.588235,0.6,0.588235,0.592157,0.592157,0.584314,0.584314,0.584314,0.576471,0.584314,0.588235,0.592157,0.6,0.607843,0.596078,0.6,0.552941,0.486275,0.505882,0.447059,0.431373,0.356863,0.513725,0.968627,1,1,0.92549,0.466667,0.396078,0.45098,0.458824,0.443137,0.439216,0.447059,0.443137,0.431373,0.423529,0.529412,0.564706,0.541176,0.552941,0.505882,0.533333,0.482353,0.4,0.415686,0.415686,0.419608,0.407843,0.435294,0.415686,0.4,0.4,0.34902,0.431373,0.913725,1,1,0.956863,0.529412,0.376471,0.407843,0.380392,0.4,0.380392,0.384314,0.4,0.384314,0.384314,0.541176,0.592157,0.588235,0.603922,0.560784,0.592157,0.47451,0.376471,0.392157,0.388235,0.384314,0.368627,0.388235,0.407843,0.380392,0.364706,0.352941,0.384314,0.878431,1,1,0.996078,0.898039,0.505882,0.380392,0.458824,0.470588,0.501961,0.505882,0.494118,0.490196,0.490196,0.494118,0.490196,0.486275,0.482353,0.490196,0.486275,0.513725,0.533333,0.505882,0.498039,0.494118,0.501961,0.478431,0.356863,0.352941,0.372549,0.380392,0.686275,0.968627,1,1,0.996078,0.992157,0.556863,0.337255,0.494118,0.729412,0.960784,0.976471,0.968627,0.968627,0.968627,0.968627,0.968627,0.968627,0.968627,0.968627,0.968627,0.976471,0.976471,0.972549,0.968627,0.968627,0.972549,0.921569,0.533333,0.333333,0.345098,0.396078,0.882353,1,1
expected output: 9
computed output: 1
#checks: 1
#features: 3072/3072
#fixed features: 0/3072
#terms: 2089
